#type rows columns
lm 3701 2
514.839875 -915.728554
934.059368 -183.773085
-213.839225 1015.526137
910.166918 -493.377912
62.467969 -957.418564
827.076620 -484.545270
956.167926 46.055438
248.533770 -1016.216139
-944.525714 173.984503
47.845941 1051.774417
-894.731721 338.649755
663.575158 809.352993
-378.378759 956.568512
-399.285225 950.679489
-1027.254753 160.924703
376.404312 888.373769
679.911529 667.213267
-337.670276 889.572129
-643.612345 834.069748
1039.950918 -30.966887
-960.487668 -36.426289
29.703075 -1027.082578
186.251997 935.591332
-632.143915 -840.107427
-1031.949261 -162.461828
532.628355 872.904968
638.140128 815.002146
-82.208388 -953.890595
-870.940326 564.969263
-98.942501 -957.517012
-957.397625 39.439355
148.586029 1032.669253
886.332123 -370.979233
1007.016865 -299.872600
658.365356 -690.895136
487.148510 836.795797
-112.013075 -965.874878
32.525339 -1043.277042
425.292050 854.203019
909.447040 -369.996863
-832.253927 -605.876574
250.552540 928.650943
914.516559 496.055507
-1007.907662 245.212425
533.564426 -791.567547
-908.700191 -280.315802
-1037.062265 157.717017
-701.488603 767.857867
900.460770 -347.258197
-813.986747 501.779719
862.964701 564.183076
-755.230264 721.958951
937.599629 -182.286582
-781.406436 -538.941162
961.597053 13.749544
-911.018299 350.298990
942.271357 106.256334
541.592107 874.065042
398.563589 955.992870
511.566077 911.165285
-406.243250 862.965694
-871.188031 -568.026355
668.679931 -685.031308
58.779766 -955.337695
1044.898801 -14.317966
-773.204677 554.111737
662.616956 -705.653673
-105.391543 -1049.148012
-865.676442 -560.486922
992.958783 255.164673
155.744147 -1037.186176
-895.798607 -499.939584
-1027.667350 206.888591
-971.416563 118.584302
-844.812234 -435.014417
-582.368696 -760.034140
1042.673195 -79.790167
-916.902530 455.715399
-877.526444 -401.056305
-786.283025 -686.607570
-163.543052 -1023.897519
-847.828560 597.468204
-576.045002 -851.855392
-579.030600 871.622639
-818.283586 665.492426
192.321571 -1010.967105
908.777910 485.533460
1022.265492 174.923394
-970.127471 -378.957386
627.872141 -827.554961
-11.288048 -1040.830715
-1032.114908 171.364812
-271.691239 914.949556
-869.187423 -382.750222
374.076154 -985.781734
-63.941630 960.329581
280.325602 -916.232688
-309.806137 1005.344767
-161.692955 -1020.084607
-951.720562 -26.995902
-363.691467 -894.712858
-777.586609 582.274123
-904.585698 478.903932
866.220424 -426.353403
-400.055515 -968.437102
938.057806 -165.577864
280.849265 1001.150618
-721.143045 -613.859111
-525.141147 880.908388
-644.976358 711.577931
-939.228930 -147.485681
-328.575539 -887.523510
-924.759045 -445.918229
803.156752 653.933549
871.097513 444.280001
7.057309 959.758129
365.769942 875.931029
850.999714 -415.811862
655.368110 812.490627
385.137641 965.099974
778.257805 -554.822900
1009.615625 249.841758
-20.525847 1032.166684
601.327789 -752.043835
950.211904 -106.628399
1010.129904 177.051864
171.784502 1025.209934
-891.236887 536.335856
769.042573 560.845887
-331.147481 -903.745049
-734.189717 -721.935883
481.937035 -937.969866
650.153849 -704.650091
53.221964 -1028.832507
-701.013363 763.587208
-13.473445 -1040.449911
704.738327 -654.482239
1031.513969 -192.205624
-834.749071 -483.271761
901.496005 -355.785816
761.943531 -718.606408
1015.061203 -240.276191
-686.784085 798.135241
-696.397243 -670.227724
-803.289980 -655.977858
904.861816 502.992948
1034.092593 -165.294186
452.754514 -837.115338
920.381607 -467.763996
-916.499364 -294.251099
116.532421 1039.093242
742.634105 600.777707
-497.437726 918.615589
-903.509848 -518.855185
730.036270 612.023715
-416.840126 -862.016969
-577.217662 759.247297
1039.574946 -14.078995
964.482799 391.143789
-307.683701 995.874648
-728.281669 618.995768
-10.453074 -948.009442
177.144656 1022.658514
966.659485 415.745036
175.999322 1029.124620
938.834158 175.053054
234.051704 -1011.635012
532.988295 887.608861
-136.401793 957.423804
639.543043 723.720479
-225.140052 1016.700217
557.907863 780.688998
1016.603386 -157.502692
-984.613929 -293.104913
-133.780441 -1037.306571
532.849766 875.097651
92.365878 952.952885
-909.843308 522.526607
1032.098300 -26.212236
256.537311 1002.998108
845.156054 -478.938792
-557.367841 -885.356211
-437.950495 868.073315
900.714126 534.694348
639.984302 -822.017355
-395.636756 875.418967
530.635709 -806.861914
-141.863662 -948.087157
-1022.054450 -204.841854
895.276125 -520.948352
415.879480 879.902657
-513.091639 -886.047641
-830.255714 -482.138817
-346.515273 981.558468
496.392473 -812.296634
-198.040485 -1030.809742
-789.177471 -533.018470
-506.304565 814.170727
-987.234258 -343.982902
-533.128915 902.329286
972.197150 -19.783190
-953.846765 122.323442
529.302351 -794.112539
-898.079974 -549.792795
-17.485762 1032.901674
-369.931064 888.559540
-17.903125 976.471037
915.874960 254.097430
-876.708279 -352.643283
687.777619 -768.496434
-1043.384485 -59.447822
-6.788944 -1056.816199
160.961927 1014.632787
-453.120192 -940.025965
591.870380 -846.339238
893.113825 -313.549940
536.428636 -887.932446
856.847365 447.929011
662.299310 -673.525990
-210.837961 920.657371
-813.342073 646.734453
-1001.916398 -240.396145
972.647781 76.782487
-24.668539 -1034.157519
-671.441406 683.171231
640.787251 805.914831
50.364454 -1021.316369
933.988510 480.301744
-519.241099 890.529990
265.784576 918.366713
-509.160096 -827.801522
-764.093787 -705.625360
-864.464216 568.631021
-846.702246 -430.789515
670.882708 806.091478
-688.787409 -768.209493
1015.169093 -301.165635
-1016.250950 73.607628
-590.410985 -848.865660
988.918342 -322.333292
-952.232748 -132.562058
848.761205 -454.469983
920.951226 284.145365
958.988315 105.659445
264.704370 994.370711
-951.185326 180.924731
997.322201 250.705602
991.284487 322.444344
-594.273201 760.398956
793.152708 -536.061790
358.210334 -985.110783
-920.577362 214.953090
714.809770 754.794951
907.361294 519.557905
645.500104 705.937819
622.620197 716.698693
-189.403670 -1030.250109
113.127062 -957.596039
968.541794 -396.893094
952.631162 141.784706
862.347453 444.490106
-963.590744 -398.798267
908.893493 486.675483
-445.849740 828.630626
-533.981591 -886.967455
-441.007167 -945.898387
-951.688841 40.188572
-781.567709 566.267261
569.264279 -872.435788
182.196212 952.822951
930.743559 -208.711163
727.739975 748.280746
-925.661583 253.465155
450.372138 -834.276471
-632.788947 742.339492
889.477715 557.470863
-854.517625 572.703282
260.405993 1007.709619
321.635235 -1004.898665
876.945705 375.380876
694.239141 -646.711053
211.112130 -1005.137084
-1011.264308 -277.541234
416.035948 -966.092517
204.529757 932.009926
-1045.084432 -3.292631
-828.914530 -615.759705
-897.493328 356.167817
-714.403546 765.407713
423.129880 -865.736568
-940.018244 417.775671
994.780004 304.571450
-197.822063 -1026.268836
-811.156379 -490.176645
937.605990 -464.141757
-201.712424 -942.778687
335.223069 891.077040
1008.249363 -244.920259
897.080535 514.702041
207.655252 946.398881
775.786709 -549.102583
20.319665 1036.369707
-630.540309 -702.971609
-498.743963 -895.672237
912.562349 258.864361
739.060354 -597.670601
670.393294 -696.028740
797.623703 527.125271
531.909212 792.944300
945.857997 -22.090674
-891.534382 327.273026
798.485666 657.407055
654.042830 821.779995
623.452741 706.701693
844.402704 475.038212
193.058382 -1032.098824
856.292366 -416.331494
-336.746551 911.066531
-766.763545 -593.551841
-269.988624 997.284106
-833.796988 617.470028
-709.653008 774.139557
-940.580448 -453.905086
585.373963 853.038656
1049.846881 34.852045
-215.371885 938.765408
-655.997753 685.886589
-786.053679 -537.047545
-947.497048 -62.406855
137.246289 943.116813
-676.495661 685.546071
931.036603 297.192777
1030.692383 150.976121
963.342487 390.539626
765.792386 723.627864
437.284503 942.439954
-359.447239 -967.518267
-692.713344 -785.070515
-682.134848 -786.179963
-672.544084 -675.432167
23.751631 -1033.659284
876.688669 372.906146
927.875073 271.417882
954.224124 -161.160153
531.029478 -796.075879
324.827501 903.542239
831.881565 -472.858969
992.885920 281.194633
305.829590 1004.893537
-695.802698 -674.474018
434.273197 -858.495617
-619.386314 -822.290449
648.193565 705.109927
-983.220487 348.761505
1015.995343 -151.118993
-1032.597909 -176.661372
-714.094025 645.685047
1043.245709 74.157303
238.680341 -1011.216821
791.355828 -672.028030
-179.666969 -1014.881906
597.466571 -851.051590
-335.587863 972.657239
-918.908606 281.518178
-955.173402 -105.996177
-740.430749 -618.601034
306.255536 904.322995
418.864725 878.256645
-920.955861 237.340047
138.938275 941.627232
616.240594 -729.011533
-796.462052 661.209264
-237.026886 1003.687970
-853.289887 -577.200873
-998.774123 -263.596384
7.762202 -959.672534
34.547393 -1022.702207
-193.689463 -930.308733
687.174753 784.988492
471.851586 941.260574
-704.956509 -779.457243
-125.867127 -965.525209
-1008.866696 263.139735
-66.889445 956.301579
-1029.337249 160.679981
-1002.947536 298.964998
-412.684050 -851.107921
1019.164933 195.574071
287.329653 -921.503965
528.043748 -800.076507
-320.946152 900.074915
1033.862719 -20.028385
559.528408 875.455884
-970.746462 -4.778561
-111.819537 952.159791
132.911936 936.977383
171.594972 -1012.868285
-934.132357 249.406651
941.263737 94.384486
-873.245134 528.733215
-966.003244 -375.714395
266.503081 912.032734
968.326807 -3.447721
-905.746428 305.539980
-876.935737 571.277587
-903.694690 282.767005
-947.765584 -94.755818
839.588428 476.305716
-1046.276704 -117.650016
940.611142 114.069576
623.676769 741.430012
-608.956782 738.322182
-991.192466 355.622325
-1043.106539 70.117943
230.040303 1002.086828
757.534997 703.567646
-668.689575 787.952720
-232.429483 1016.857328
955.558095 123.467144
-506.797895 -821.145888
497.092424 830.163476
-131.603143 -956.518510
-876.875475 -388.714051
1021.589578 218.822074
-631.411391 727.648837
-847.443019 483.700598
736.065099 743.876854
695.781653 762.932824
-292.708468 998.532122
-969.191960 381.038085
-365.399878 -971.747395
-852.381297 -583.908366
880.099392 356.961789
202.284858 1020.585256
705.015941 -744.228029
-831.053886 -634.191938
-39.589659 -953.631430
743.687701 617.691671
30.557630 -1045.996183
-802.307936 667.395939
772.045556 -575.110183
517.256203 -919.417319
-573.417806 -876.353393
958.404199 -397.947843
-533.715072 -906.536402
-679.198053 692.592458
325.735527 -979.735923
-973.508909 368.089101
-350.106919 -982.549830
914.810566 530.326576
1051.552519 6.047459
451.773032 -834.680767
-288.242235 996.746997
-669.610799 -671.632207
653.277927 -706.637629
-934.833587 -248.479255
57.866741 1047.828703
-858.344667 -426.532160
-782.150926 673.718977
184.117509 -1021.668919
-283.065704 -908.125783
738.296424 626.281394
-955.924364 15.699353
999.164297 308.611156
624.315506 731.763678
799.509528 -667.054348
-986.071646 354.097362
-698.555996 -775.780382
-921.982941 -301.235588
277.730751 -1002.697092
-1037.564777 -36.917239
310.347714 902.302188
-425.308905 -959.685063
183.754097 1033.674117
-816.582254 -501.220338
-935.034118 163.335590
-35.221964 -1033.046028
-951.714877 395.995986
707.818975 -631.456094
-1053.526885 22.165218
590.198824 744.210998
-720.094292 -747.752649
-1002.909718 -255.504408
-268.569018 -993.284402
-909.674700 474.569595
944.424998 179.132950
944.259286 430.539321
-268.705302 -925.069493
674.546310 692.907126
-961.197689 109.137733
1034.995155 -153.987544
544.977543 794.799551
881.743539 -345.817760
590.705584 748.640798
-810.889824 670.476584
633.317718 711.096062
544.217342 -885.523252
-109.756445 -1046.354448
-402.196246 864.257968
-333.982639 973.843930
138.073638 -952.974359
-600.759118 755.051244
-962.426360 39.589420
785.807654 670.637654
-943.232580 -75.273153
-59.672326 1043.767849
-415.792668 -967.541112
-994.237839 -353.400092
-127.423545 1040.873752
887.570088 559.098110
-421.001199 -971.529191
32.105376 -958.322254
98.604966 -1019.100092
-779.467315 -695.817151
-780.564662 691.753362
-843.882120 -613.909589
-26.871103 -1033.496798
-666.614369 -800.728792
162.224182 -1041.905414
973.821461 -364.798438
1002.564882 -286.408616
-822.024310 646.737528
390.417384 866.058445
943.080541 92.207028
-914.540753 -253.597735
-680.664902 773.023437
1035.872703 -42.563408
673.540280 718.048630
-231.167414 -1017.063118
840.445618 -611.683265
-85.500735 1035.637060
442.399848 -836.328626
977.756982 51.774354
-14.172952 -951.218629
120.273800 -943.235286
661.541760 685.002604
931.133978 244.990418
-817.011440 647.346930
-50.350473 -960.642112
139.332662 -1045.565650
-14.455947 965.357862
1049.994220 79.634478
788.788618 663.225610
1039.600553 53.288929
-806.580158 539.285423
814.610652 -491.710650
607.305274 -731.568788
-985.673650 334.284456
-254.488129 -1004.416891
-942.388783 177.337330
-921.582105 280.793300
425.206620 867.195708
548.392895 -795.017055
142.075027 -959.514370
-317.354404 -902.946151
-509.494793 -800.002407
-917.875393 -326.481913
790.551624 690.641179
-905.338084 -299.011011
-213.030261 942.227647
168.580811 1032.819494
642.235567 -696.668097
-1057.800641 17.287265
1026.551624 179.916122
-276.299367 910.251363
-803.867233 -518.364328
348.723276 997.367188
-353.151252 978.597460
-915.352798 470.216071
-80.353437 -1043.690622
384.033564 -960.997913
-965.688502 28.284199
-923.490461 -221.882666
937.139719 -286.635292
-594.384588 753.445739
-277.553527 908.842311
795.194958 557.262215
-1015.154637 -268.598107
-766.488523 -563.269911
652.790891 -710.550272
898.646046 -374.507530
-977.467415 -336.038889
-540.134324 -781.635794
-933.944445 -200.373428
-19.206273 957.600425
870.219696 364.397084
-488.341963 -922.546969
-460.264031 820.709422
-27.827290 -1040.600726
928.912894 -495.437222
-887.925193 -368.872114
191.130688 1035.948568
872.365788 -401.793563
-237.484461 1013.182276
-1002.122777 282.588212
-982.692893 324.283978
666.770037 814.077791
115.595009 -953.364686
-403.193791 -975.562228
719.162085 763.829646
-422.864614 -971.498187
245.891728 1015.860138
644.899662 821.510438
-943.244665 198.527247
919.528778 237.416074
923.375792 -448.503976
540.297597 -800.449440
-888.057101 383.472967
-948.962244 -418.635645
62.914394 956.339148
486.868981 -908.643680
843.449206 -450.253781
516.888040 895.031689
-30.253408 -1024.697359
954.240613 -17.369933
516.818115 913.561023
518.206450 805.621125
850.896780 -606.831190
-604.364378 828.131850
-887.408370 361.268542
-566.656483 776.396944
341.034856 905.107639
60.939911 1034.862858
-707.860800 -632.135152
928.127317 485.293168
645.819340 -711.761045
-270.192820 995.675714
-247.080169 925.110247
909.481406 -492.051430
1034.106987 -94.807096
485.483474 -915.495390
-939.855508 202.502539
933.852636 -439.648323
821.958622 616.572574
608.680414 859.217990
638.649395 -702.539566
-326.287560 890.091160
455.742846 -948.531986
-477.120120 914.328875
847.757669 464.510804
-757.267219 707.324903
-976.069682 -339.861100
-136.288408 1033.736849
-608.449176 745.857745
663.943447 -816.254093
-937.029097 228.689995
374.447095 886.488529
580.738730 -864.236317
-768.514317 -697.953748
-1027.078419 -206.429427
316.232992 -993.143165
977.487921 352.583776
259.964127 1000.351257
348.031526 987.643119
-426.246335 -956.933530
931.931919 158.651589
697.195457 -646.173400
631.066245 -710.411804
-382.630135 886.401287
737.722875 636.176551
926.190075 239.693019
-430.020877 950.420718
-876.543421 401.983919
226.700532 -1005.757515
968.158454 17.831687
-1029.467284 45.016124
810.481650 -526.166518
-865.129101 -425.189258
580.290932 850.847581
-843.128787 486.518866
938.679162 159.998261
-563.134254 -887.005944
506.505573 -809.065320
480.275007 -835.664362
350.629650 -985.452574
-365.225839 -967.406933
950.616632 116.473170
516.758920 895.594946
220.434068 1030.364546
-78.231873 1044.237338
-600.425704 -761.907057
-746.206715 -743.661882
-196.751985 1014.583553
-860.583948 -602.908973
663.905368 -800.289969
481.423701 -904.964626
-723.223711 -747.712499
401.815707 876.316011
-607.794417 731.257191
-482.975063 -835.741731
177.583736 -943.349590
-74.281651 1037.264233
-278.625914 -917.800152
-1029.813625 -162.320043
-879.818430 380.806409
-283.071616 -1006.403041
-649.020478 -834.207318
106.859664 1038.154274
1021.225338 237.622366
-995.627320 237.085320
189.753396 939.268320
-148.911946 959.884186
683.106840 -668.535666
58.513732 -947.112907
-487.870374 911.976901
1013.251676 272.897235
-1042.935269 -124.189838
-494.424060 818.766983
105.286245 956.023266
456.978235 -826.991055
539.751477 781.508028
-457.313544 830.280521
-387.926242 956.160082
1016.033172 -176.758380
-942.124632 -142.901365
790.554346 -550.363220
784.575202 -542.554328
-921.101224 -454.022941
0.194258 948.533543
-303.777120 -988.134727
1018.617614 -264.458967
-272.856239 921.615157
440.370523 846.715818
-677.161259 -680.270586
-1026.745486 -157.106669
1012.115883 -221.996014
968.699291 14.551982
-117.983308 -1052.447739
669.980253 672.544306
-928.122120 -258.592704
-491.516263 -822.486957
1008.273456 -190.355004
80.553563 956.565443
686.715112 -793.925070
565.882144 767.385720
931.470381 231.036798
-851.316223 403.888030
657.633286 806.104279
960.522323 -419.232327
804.156022 506.075359
724.894180 748.989322
-906.478281 -509.306421
422.631416 856.896545
186.707965 -1028.102206
-473.367984 827.465084
686.037188 -798.621619
-843.718803 -455.533073
995.179579 329.340313
-701.072196 768.141769
-390.269941 947.472892
934.544822 -207.233211
-963.887556 120.753411
820.561347 650.182370
858.439184 -590.451367
635.550460 716.391864
-956.408345 434.253323
832.232382 -598.617993
-807.148925 -666.519727
983.067448 344.557162
891.229318 531.145622
1046.888968 -19.970095
-653.694847 -707.186130
-760.199840 -701.863993
946.983552 450.461057
-535.506382 -781.637841
-82.496050 960.615584
-849.640678 589.475413
-822.166205 655.594823
-922.077654 442.785934
-11.707835 -961.682692
378.186151 -899.281064
-382.605826 870.215856
-340.590739 982.947788
450.556272 861.281435
1044.175798 126.514380
-324.979385 904.892129
378.065491 -892.705621
-863.664082 581.985316
953.572796 -207.200848
-707.422637 758.227282
508.421159 816.522355
-708.273273 -755.159869
126.031646 1039.764874
-357.097042 971.647996
947.300420 460.996562
-127.398938 -961.450293
685.147936 -655.118415
-949.250810 195.366484
398.279393 -964.163808
929.812797 164.220290
483.715323 -827.405049
-764.497116 -727.755045
985.605078 -362.131169
737.551570 -602.888611
-5.577251 -968.044209
-901.555783 -330.257420
-1022.098427 -128.831138
-907.885298 -534.466052
726.068386 623.285098
929.646050 284.468703
1045.183316 -117.950587
-813.382748 539.264486
-46.287860 -1028.864542
736.556725 754.011922
-777.916215 -568.286853
-803.477982 -667.187621
511.763722 -922.128737
780.639340 557.952718
-102.764911 -946.390601
-512.278497 814.096550
-989.984894 239.177395
-1051.903865 30.119128
274.850780 992.474050
496.817504 824.067297
-906.046401 533.493402
182.497276 -952.836957
-745.217045 724.388653
-940.025020 -244.197245
-224.829355 920.942790
-272.837571 997.643682
-999.669348 -208.675992
844.357693 -430.772981
778.970384 546.828884
-734.857934 611.453593
857.799519 -455.232060
312.963313 915.911051
491.185523 -921.559744
534.527773 810.019646
653.705433 803.895819
471.316142 -828.731240
-926.989104 -200.577135
640.804470 820.838250
-785.129248 -572.628059
331.694162 889.702928
145.734756 940.705480
669.209614 -788.296992
529.676086 798.386828
531.246385 788.980268
159.029328 -952.708731
116.956934 1036.338373
-842.425978 450.136446
907.037369 324.652674
-540.802892 -785.383229
234.972500 -924.037479
-966.245965 1.353513
-955.834554 155.185388
712.477608 764.091524
-516.543531 898.335943
-466.461075 841.446331
-895.024057 367.640691
-774.860774 -673.819733
-710.161760 650.753810
-966.633940 -31.438855
-961.687904 408.247758
311.838312 -997.277615
1049.787999 -82.280860
-951.287081 121.150571
-779.207656 -702.477591
-82.617049 -944.221764
438.439321 948.246476
-789.305769 -679.443192
-259.855705 -921.368853
-943.792286 404.651521
-829.396783 -636.655506
-938.576488 126.427980
1048.665674 -57.545880
-1019.565579 173.396526
-996.638428 -315.898850
-779.905278 -692.746487
825.957703 -611.220881
162.760682 954.229686
1042.622307 -129.902838
-841.524848 -464.703992
-85.778629 -1033.682847
1012.749663 277.721344
721.888225 746.277942
819.722182 474.265784
-265.037580 929.925318
-904.215531 529.143371
-953.858338 27.711368
-693.037177 657.863560
-435.739641 954.088756
1005.219560 -313.714307
945.778786 426.477505
-691.073917 -792.989172
918.661324 -306.382937
-526.582938 879.906227
778.570136 -686.121246
-346.762684 907.704728
-406.991746 -972.106383
205.031333 1021.841786
-336.659305 976.940063
954.073776 419.420371
740.765425 751.370961
-214.816486 -953.509577
-992.134579 -323.852560
-104.717962 -1046.194483
255.228514 915.594125
-942.861048 -127.277253
-1054.486204 -44.317170
397.620985 857.941186
493.147150 -927.516063
-545.643596 -894.115769
641.138752 701.767080
-722.961181 647.098714
-917.379722 -297.916411
663.542140 684.594370
-907.087555 346.861206
886.024729 -550.413314
933.869017 -150.129936
-928.110572 -462.407117
273.231463 -904.336846
-644.102859 -697.508734
-680.051234 670.601658
-547.760045 -784.392283
-298.436277 1000.696675
-906.399168 285.818097
-16.877750 -956.625189
-742.629547 730.331676
667.302472 -795.741812
829.222530 -468.166199
287.944883 901.133908
516.668460 917.317529
-874.596955 -391.225810
762.918064 595.702776
337.464971 -993.342453
-76.594792 -969.827915
574.142894 -875.840412
973.163409 48.266718
809.640212 -654.593563
-902.658313 329.689326
170.386871 952.599654
1003.540391 326.828477
-647.469003 -696.684984
970.283660 -352.414633
163.407736 942.725889
-841.340099 -614.512787
927.735737 -484.336533
1020.996176 -236.481028
1017.878075 258.359308
503.521755 823.684578
-866.571476 -410.320202
655.532156 -699.070176
-953.528652 102.320349
-984.946584 -275.849831
-881.536614 -384.664751
810.492504 491.707713
724.510102 618.132163
973.244805 382.652324
128.493345 -948.295760
-898.396138 -354.196281
-964.658121 -136.998612
1014.694576 -234.508759
-704.264613 747.476342
-67.374337 1045.863564
-84.861888 -956.081255
869.401537 -583.064929
983.784072 360.142997
-671.471441 -789.578334
-527.875875 794.531517
-912.831850 -517.375841
332.980439 1003.961365
756.960325 565.685454
477.094716 945.347187
373.273839 -970.992709
-30.667381 1031.057267
-953.689297 410.413440
67.436850 1049.233167
-363.033980 -959.107988
-146.895819 957.754618
-1024.692919 -161.892268
31.413148 951.522144
245.151535 913.606003
-263.473353 -993.297953
362.384621 977.279659
-1015.174386 -201.721182
327.047280 -983.182241
-117.996078 -952.821833
-338.775437 900.431566
138.826387 1019.244165
806.198605 -640.639711
-921.695788 -263.755222
-926.929652 275.572453
-965.552927 368.824335
-409.159365 879.033235
948.115174 167.377312
-908.708244 521.250060
1046.071178 124.075303
412.209145 862.345881
972.413917 -405.035211
826.300865 653.666639
1014.569892 -290.649558
150.422849 935.584743
-1046.969372 -16.219691
447.928351 935.927413
907.439407 -491.289146
-669.099307 -670.741493
-660.496518 -817.810099
671.030896 680.243838
211.079252 1022.865498
-459.833747 842.001120
627.021035 -833.006624
-629.149966 729.760117
240.453614 994.657370
328.790380 -909.298418
-979.199091 387.596506
-914.857685 241.280033
-631.019242 730.415417
-10.679792 -1054.522277
870.591338 -578.535471
339.029217 977.372686
685.138772 -781.456642
-1006.563354 281.293881
645.404058 713.546697
-1034.780469 22.744898
-891.529272 352.256638
561.959065 -885.143536
209.717185 -1028.527268
-913.142028 -262.825807
639.336201 702.761723
744.393402 624.579735
-853.537657 413.474809
-929.179875 -439.779238
-1047.800584 -83.981295
-1050.952380 107.746219
186.310401 945.866433
-965.938829 -130.566172
-873.796393 -562.608719
37.914402 1048.969234
900.793771 557.218084
1032.060553 8.218230
-40.199512 -959.694772
169.536395 -1021.462119
368.233726 -880.283908
721.837510 -625.095576
-880.529935 -536.440453
683.021592 794.909985
532.150072 892.118888
-512.658462 -907.378494
-650.797112 -696.090907
950.160907 447.093447
393.400074 878.341847
32.421161 1046.584806
659.865962 -692.264678
403.494202 -946.915654
-775.674467 -696.700849
-647.247927 -690.503592
914.577196 290.837775
120.152089 -941.533010
-585.616026 864.035648
-526.345263 -806.090064
-449.933115 949.139459
730.757847 765.335568
30.832696 963.380546
-533.118645 792.928538
-378.299252 -893.593304
875.665017 372.008743
-1032.876528 38.210170
126.805906 1030.723459
468.995887 929.226648
1036.016963 105.060489
-650.931163 -797.256875
799.893575 677.836952
602.798357 -724.808699
-1033.768211 -45.398301
-561.298524 -773.714810
-484.669244 925.498540
776.791684 544.031785
-273.183536 -992.430453
998.509619 -270.145699
631.969080 829.868618
-929.648559 -218.790027
-746.700107 -622.145757
-494.737371 -825.682886
94.609896 1028.393432
-797.313862 -668.041495
854.739156 -458.899678
-290.777079 1002.493056
-45.188150 -966.137780
1043.735317 14.538819
-1041.918232 -120.466701
890.260907 539.608024
804.288671 508.672352
-703.949285 776.383152
133.265070 955.684478
1012.946055 -231.868855
832.388086 -483.277554
578.881062 881.237305
-1005.787323 -206.074446
774.828113 717.737932
-609.470932 742.673492
13.044600 -966.610534
-860.850957 -586.089489
469.529951 -930.332558
-944.363308 -59.777168
-346.624374 -976.024902
-665.582625 804.911131
395.703418 -881.611935
-399.110661 956.281855
687.026461 -655.215911
-677.754523 794.489928
-611.271450 -743.516550
223.648034 1028.631382
926.099116 -295.493337
4.969777 -1057.264169
-1015.120779 -247.138833
891.880734 -341.206241
432.868379 845.728713
618.353355 723.223460
752.696298 -717.053931
-1005.614853 220.275689
345.477789 -989.720049
-401.093754 965.845408
-960.344179 62.057069
-565.900121 774.349467
-780.302895 -550.217361
-986.913258 329.352167
1021.259045 -216.608012
-596.166352 853.873737
344.353255 -973.943605
-434.479964 867.201225
1049.805775 17.773903
-80.602704 -954.788645
-947.052622 -125.158961
-151.572055 1035.058158
255.644790 907.917741
737.485296 722.313566
-627.815024 -726.690940
441.831076 -954.781522
737.504766 -746.011877
121.370656 1038.887797
302.383264 982.503391
888.042875 374.451525
902.008122 317.263594
-618.647583 -721.265437
-490.177590 -909.649741
649.017401 699.486871
265.347460 910.084716
-466.147995 924.341696
-1016.918277 164.986351
-964.697509 -389.823250
833.707767 -615.128300
-952.229730 403.115724
868.270483 -554.766352
139.444730 -1029.106619
429.426970 -847.580432
428.433561 -852.505597
863.549780 -393.650176
-662.574235 -815.541509
-576.982637 764.208697
-654.400621 812.544460
850.755378 -607.068724
-969.773949 -14.216458
-926.341241 466.037868
-948.249464 -49.967967
963.491073 -385.233275
292.843254 904.529909
-685.961978 677.587654
-210.468961 -935.947711
280.792198 1002.410850
-393.070981 870.836989
952.354359 -33.570274
195.543003 945.607193
820.282183 -628.341704
-1021.260024 222.454451
1020.703727 -266.005435
-169.423552 1039.894854
-62.808126 1047.219016
950.762050 -184.827026
-725.046438 758.392506
-900.063355 -347.986793
949.489175 -163.446275
604.631991 733.054547
952.461177 -89.672819
-524.143824 777.079228
-930.966826 -270.674021
-711.266043 778.714487
-957.823802 -381.655924
-948.696407 140.826084
-952.943592 415.856549
-1036.095632 75.120540
357.315882 -978.698435
897.819531 345.868361
141.292613 957.064940
-874.731911 538.277019
947.560356 31.302642
862.998159 416.086720
-841.259781 631.376617
21.374754 -952.561641
-784.993687 -557.329270
-909.951732 358.200671
885.963383 552.166188
-220.591928 1029.360709
432.253489 853.493226
31.057391 1039.450323
893.152306 -514.319742
-272.246078 -998.168214
931.098853 -444.996491
-1026.765328 159.939948
703.740332 -758.018887
1006.953764 -283.721785
-672.227829 -792.347101
-38.193280 -970.437009
-1051.442533 -27.330151
832.819026 -615.702022
795.835714 505.356193
952.877301 120.272991
662.309457 682.924590
-1009.112557 -216.311542
983.588658 336.937494
1019.294772 -253.644876
-673.970892 -682.985298
850.231083 -574.212895
349.983296 998.747392
-949.456545 129.172077
-644.573269 -815.686996
232.909598 1025.134756
1029.760749 40.436370
344.668795 898.164555
-562.225544 -777.229735
-121.079871 -949.287216
-963.078258 -172.377597
929.813630 -286.728348
817.299396 -646.871234
588.466320 867.899033
946.916576 -85.440416
-81.536948 -1043.784808
859.556717 593.376872
1026.995712 112.498406
265.456766 987.891100
555.458009 -885.852422
830.416507 469.862156
418.968774 949.146260
-1025.099179 143.057178
-818.518246 632.039704
586.419588 852.163251
931.955739 -143.985535
937.760450 -460.879679
-515.181074 -829.805272
1043.819157 49.446574
-928.183648 -434.686648
540.041407 888.468507
671.856006 680.621499
-984.538317 289.881037
-84.083146 960.313591
-1025.301386 -129.151188
-337.698446 998.546672
944.362506 -175.816278
756.179137 604.844651
731.728041 624.653908
-877.717033 -575.239499
448.182539 -848.783832
-737.178437 -618.602589
211.124865 -940.232751
887.445713 -374.066577
-962.425967 -173.518330
734.276771 -734.182061
628.506869 728.806168
-79.841530 -1047.302167
-844.933390 446.563146
167.190736 1029.584765
-38.229495 -1032.672445
478.452230 -818.787230
551.138346 -889.861525
-139.355370 952.311087
896.810149 -395.971073
-918.990267 440.430322
256.127429 -917.528392
794.681067 507.185069
860.822856 393.455570
-696.244618 -666.704198
-215.999530 -952.705671
937.772632 208.894884
-614.087110 -737.388347
-1037.521536 73.621419
-190.632759 1016.129183
102.340145 -1030.048167
-591.700745 858.775361
-491.648887 -932.859900
-900.607418 359.393826
-951.145434 -145.757223
-769.621336 -684.964457
-700.894601 -626.321905
-80.704115 964.702973
125.705592 -1027.700283
960.344589 -5.549188
202.476164 -1031.023006
-770.183407 694.970586
239.600445 -1003.022594
1050.901143 29.026386
724.606640 752.808459
-1016.601567 178.450410
-976.235560 364.546961
-170.716184 1028.833030
-40.227158 -1044.926816
374.127898 882.534233
-141.514845 1028.792428
-994.975920 -287.794406
-1025.809389 128.251538
-1034.472128 -195.015632
920.058135 500.794977
-260.541090 921.776394
-945.055994 170.172892
-879.485342 367.891550
827.392716 474.397199
953.673754 224.344895
-575.138805 -785.895790
-718.461158 643.331560
860.611504 412.426822
-881.034155 550.881199
736.805652 -625.021294
-523.704230 -797.231391
829.227680 464.452163
389.478201 875.318986
-736.138496 622.422290
-146.069940 -1028.235992
-106.035845 1042.671059
46.508001 1042.675316
728.478179 -738.176003
-872.078924 -408.064813
-474.895802 -946.517751
56.270643 -1039.695897
-616.183962 -737.652642
37.614506 955.961413
-79.156562 -1046.248327
622.074697 -711.619712
800.396541 -508.851809
652.520471 806.233404
-567.304666 866.183315
-834.447939 477.956139
-792.860003 528.845254
-252.778739 -928.733299
536.658517 -885.406431
556.689231 -798.732648
-688.674348 -675.586922
56.702509 -942.028974
-995.980430 -330.429310
716.598101 773.356463
-341.466611 910.698043
529.722471 797.874752
-962.542461 -85.584457
678.223521 802.261306
414.489169 -871.699152
-928.590556 -465.337152
960.913437 -408.035051
-526.399356 -794.502705
928.715698 436.732706
513.838366 -924.689676
131.069120 953.867337
-137.205340 -956.877853
744.915116 596.233768
-892.117370 -547.627861
920.875359 -259.316780
785.040577 529.158872
-523.632147 911.441459
-819.006951 474.978647
-62.661799 957.965235
-954.291151 -44.441759
-942.336250 -77.216867
1042.495873 78.532226
-785.995690 -553.011704
303.105211 -1002.179332
-1040.543146 96.208530
-943.506046 181.711587
-953.127458 -43.183573
-903.262764 333.738819
50.094718 1049.693769
-983.991860 -360.046928
741.551267 620.544280
1026.222257 130.992669
914.788590 -309.431924
-185.104148 1016.353895
727.204016 631.448369
-741.420720 617.082918
-829.784842 -628.664998
917.974887 -491.968937
-602.863681 847.992403
929.723143 198.972368
-958.004544 -408.361185
-436.565391 -855.990525
-224.885503 -932.159712
-623.131179 -838.976932
-749.044017 -620.432250
-801.808471 540.775902
-925.758286 -205.559031
-846.663428 475.622942
969.583638 346.776316
519.018123 891.450796
-287.901771 907.372350
-258.213965 937.183328
-1030.341652 -101.323223
-859.719328 -585.372703
-296.966566 -1005.232093
-703.535166 755.076767
-798.091761 -553.618125
228.146883 -937.860958
-851.876060 -438.080179
-975.992212 349.482163
1034.913430 -73.188422
-1001.403194 -253.815967
-245.529509 933.075766
1045.656502 -100.684763
487.810729 -810.816871
-799.376895 -548.538153
324.352565 988.286103
108.102462 1029.582147
-527.828677 902.575919
358.256592 -985.705299
609.274244 827.025706
600.397596 850.664484
920.888482 -501.048164
683.842940 -655.840672
932.927014 -491.098540
-1034.930992 -173.063499
824.802941 -480.207610
-877.425870 563.558458
-862.446296 -586.775930
-926.047436 -297.681333
945.241808 -143.720096
-206.239342 934.412359
-470.265505 -925.105940
192.282902 -1010.507822
-606.864174 -725.848609
69.125341 -943.332394
857.025550 449.538871
714.384715 -617.866240
-431.835207 954.318053
24.726543 -951.909614
-1021.699118 81.931582
-678.635295 656.317485
359.087391 -899.446981
-967.269502 39.899793
-955.894221 -157.050653
-1019.566107 148.189489
53.650414 -1024.733798
-550.236118 781.800339
-12.854459 1056.182057
881.612372 381.458404
680.013906 804.286599
1041.231719 -8.400219
375.873180 -978.059292
-252.536472 -922.067483
-400.870387 -962.586037
-517.954971 -823.924926
302.867485 998.562562
-876.683008 561.046771
-578.221416 764.747451
-815.311403 670.372508
-583.354892 768.886025
811.739305 508.764116
677.580073 -689.974583
-935.239638 202.125951
-109.296418 -1048.482792
-44.489004 -961.991920
19.726347 -1042.711522
-1034.932556 -121.477090
-1016.079393 -229.506442
-899.247760 -483.503069
-526.557659 -904.131642
702.617173 -645.822188
-325.936712 899.174421
-867.724641 592.277186
689.675595 -672.226755
-188.509305 -1007.085629
933.110931 144.013210
-989.398510 350.836505
939.968259 -155.165780
725.305194 -755.391127
-115.695283 945.411784
-144.902563 955.471614
634.174616 -716.156095
531.565587 779.478198
-1028.728221 -81.082848
942.104993 -468.578873
970.499680 -369.900290
974.777932 -372.608570
160.343441 -934.584115
-657.197713 -822.703165
-193.598586 -1021.629557
1046.977009 43.263884
27.800261 967.341359
-964.453942 374.594300
-698.831429 654.254399
249.683483 1015.230675
610.212065 826.134363
-564.719283 -887.327816
807.251257 675.405004
-1.226847 -943.629980
976.124954 360.061610
763.144866 586.622143
791.643125 -654.447727
-86.281058 -1030.672277
-194.347107 -952.922246
894.688453 -526.937485
-1052.709884 -87.010555
594.718989 -746.191609
773.503676 -587.335195
-979.223057 -371.343744
-871.338480 587.885461
-857.922000 580.408216
151.727755 954.476368
-649.137453 692.119188
660.114847 692.153741
-456.360584 827.315042
490.141362 -929.993303
-139.360475 948.269664
-400.933921 -865.174529
1012.920323 187.190396
845.433206 -615.189154
-219.913219 -1013.615975
-274.132814 927.601390
86.082906 957.160735
-927.282039 451.704993
991.992886 291.251560
-121.117488 1046.867661
-893.295780 361.606335
-534.990124 899.511301
918.858270 -283.602373
-705.837258 -621.629835
611.412693 826.051550
-553.930029 777.417256
-1007.499074 -275.942667
-993.081876 -314.228126
-225.693688 -924.252604
935.585217 242.745696
-1046.196625 -98.130004
904.376064 309.092293
-675.648853 -797.513095
840.675151 453.808972
971.527420 352.121041
-1019.568425 -267.609334
-951.379508 156.048897
-751.747184 -728.903980
-459.568394 939.866892
-863.305249 -566.744944
977.179013 371.674845
590.762816 -862.287744
-926.221764 259.233088
922.773829 235.145866
-949.883767 23.078960
958.197211 -65.823955
559.197934 -890.647707
-952.263189 -113.736199
791.290730 562.681150
973.584629 -352.400401
-30.943784 -1031.256387
925.333719 -462.416093
-802.437053 547.813642
950.031712 -22.685128
-308.345804 921.593505
-731.858169 618.912159
-988.885139 -280.857340
159.221519 1025.071918
650.572613 -700.097888
-482.103713 910.960219
847.101056 -461.736498
953.710902 -3.066707
888.397528 -524.122421
94.030942 -950.220717
-901.162739 302.893279
-861.846098 -427.323315
-692.256780 787.315179
850.886295 -415.200772
-841.517541 470.394768
-942.366189 61.712185
-1023.506282 86.166594
-507.777171 -891.744737
-940.881888 224.727017
844.800655 -468.288284
-915.315558 -508.807897
507.341496 806.290180
-1027.459178 -203.124211
-854.955332 -415.557432
-757.503631 -706.056299
831.475620 -482.533050
667.109388 -669.592678
-916.316401 454.824334
206.405554 943.246730
766.763088 550.258176
-210.063537 -1015.540574
-801.241674 -520.313478
-961.919531 -77.034919
368.876191 -881.336263
1035.143703 58.825154
-817.542889 660.610844
-129.954141 -965.531535
939.699639 443.782835
-640.731242 701.380173
-910.383609 -313.627323
1043.117628 9.032196
-117.831837 1024.242453
578.630333 -766.376080
950.634002 -400.606470
994.691596 330.144773
243.216082 1007.164948
-506.685684 -807.028208
-1038.325941 84.311203
61.272785 -1025.935265
-714.015064 -630.913889
104.616735 -1026.311063
-340.947561 966.518901
769.656382 -578.967818
-960.519281 8.298392
58.106141 1048.680378
-850.668944 594.632128
-753.940657 -607.685132
-901.672720 -511.900528
-735.556197 611.334845
974.796045 387.114899
679.109117 -684.245057
954.654228 124.737991
-835.134891 469.129139
-146.850794 -954.568343
99.852951 1044.587376
792.535928 529.379865
883.868057 337.881675
-640.551276 834.128251
13.439295 963.268342
942.916252 -465.493500
-450.987918 855.367589
833.419070 621.111511
193.648800 -945.895755
-180.086792 928.571371
687.796022 673.450432
390.172898 973.161479
1018.651600 -171.203764
659.321513 -802.278283
823.152044 496.049526
-923.315804 257.463768
-195.995123 940.433981
351.813728 -898.436446
461.493043 -823.732372
-248.659241 -927.324712
99.666928 -959.436484
-469.359928 -840.672671
-1030.095539 116.832120
-332.765281 -890.420525
929.913158 -209.205243
211.444077 -1018.449509
16.498864 1035.107762
395.886502 958.570555
121.371800 -1044.198027
411.816529 859.659365
581.365532 -750.313469
-899.415785 -507.294143
317.394894 -921.003164
1006.505095 -299.580031
802.191803 -671.480468
609.528516 -737.621190
1044.880221 136.680964
-7.747937 1056.695548
-960.189339 19.422885
570.854265 770.319426
753.660425 611.689435
710.908361 -647.359990
902.107064 510.371135
-581.592919 779.295395
-626.334268 729.174701
27.176239 -963.256147
-906.851406 -313.002283
-970.132426 356.929330
939.209117 -224.181134
-952.920106 26.041239
693.273570 -656.390651
181.311065 -936.810278
-973.254709 384.501257
-31.897445 -1024.017538
27.943040 1050.568909
-970.937093 -23.479525
779.699462 -540.985226
-1026.398813 -143.008325
414.155850 871.812701
-462.864793 -928.410795
-766.350630 -682.711838
913.751269 515.782723
-868.817836 562.905323
939.322255 -442.764474
948.710999 148.341147
950.853114 432.321758
-935.973282 -211.342693
-58.220508 969.599682
384.507368 -889.062640
964.257532 -7.343748
-941.730167 -133.519679
232.224303 -1017.626817
896.490413 -545.555606
959.953186 -0.311153
532.412528 814.041416
-1045.543675 -65.973704
1027.504608 -113.141458
-428.594262 -852.032194
-954.731966 -159.818160
-768.128915 593.229909
-1034.088544 152.454112
-610.777189 -732.497074
-1015.653529 -219.050361
-970.646022 358.366987
542.246750 886.750889
-55.941198 -1045.653960
-491.667020 901.641117
-364.472088 -882.456378
-752.287442 623.022229
-488.798891 -919.075848
844.416240 -435.060598
808.878069 520.283439
597.644907 -846.301699
-276.256910 -907.270528
129.740298 948.949063
943.806513 -226.239454
-193.566240 934.572989
694.637244 -670.628229
-754.360409 -707.522409
36.659019 963.107364
-1039.277280 -14.397015
1007.863811 -155.366656
722.604994 -642.053467
252.800447 921.373862
762.490136 553.566844
796.786547 534.642833
183.527267 -930.292440
-643.458397 -820.055809
1044.252795 78.478589
-955.111873 5.429580
662.037713 804.707549
-637.980263 721.953971
1041.801846 -26.511744
129.335731 1043.868251
-827.402601 -629.937533
-947.101004 -49.859648
-202.639873 948.703997
-656.651483 712.862783
-438.774322 834.618154
-102.477160 -949.504228
-510.846368 -892.782192
-636.591326 815.539053
246.296821 913.770617
-460.808554 -939.799281
-1038.569468 72.598572
774.909410 -588.331788
1025.006818 -179.355891
616.422308 -839.356136
822.457826 610.023727
792.780891 -515.405634
694.154413 -673.295395
297.757282 913.006131
-437.304453 -942.573146
1022.924397 -263.597981
382.254369 967.699067
-733.586719 626.600262
870.182351 -408.974632
794.303886 -662.439676
-555.310517 783.309605
767.469158 -567.968897
518.494643 -913.161076
971.545739 -349.723785
-250.785488 915.444301
-911.495319 514.310759
895.665270 335.362765
804.612332 -505.711614
-573.986257 -775.681560
680.458286 699.305258
988.214951 314.049260
962.371812 -415.072473
-673.537728 -664.252835
891.861914 -544.084371
-693.928099 -658.394124
-27.107554 1041.878019
624.852789 -714.494493
-145.493399 1028.831817
900.228177 337.964717
-903.355008 537.397242
2.424084 -1036.058402
796.117250 513.649534
583.050073 865.507650
746.598465 -738.787891
186.851242 1025.691413
-928.155508 489.147945
-952.561293 -157.821344
-250.201480 -938.130876
724.436073 -750.857255
-222.235330 1029.877316
735.481579 726.347026
896.984674 349.041200
-584.865161 -747.560761
-261.527758 1004.657882
589.335198 -760.926405
357.594047 -989.790348
909.449025 525.219134
-923.515910 -276.012133
476.290626 -830.686329
-141.408574 948.152263
896.666165 341.800148
-569.422839 -761.730790
670.571921 802.914314
640.619681 720.991168
957.919519 53.617915
455.997750 854.205081
401.704665 -956.140355
-887.758625 -549.804383
-907.496276 518.267579
329.400854 -984.259708
-404.729400 874.443500
-591.150919 -845.760382
1026.483151 -153.318101
-390.739381 -954.424847
684.699864 656.521422
948.029320 153.718323
501.578353 827.507464
816.593830 466.233286
-642.937801 728.376761
-194.372167 -938.638633
703.220016 -657.830859
870.169304 572.206754
968.891437 23.478008
-934.442568 168.677581
-932.947299 234.191010
473.584256 919.823227
40.778372 951.861815
533.887163 889.226611
808.661095 507.541552
1054.050949 -87.608366
-845.913323 592.631007
880.159284 -555.011412
145.993170 1038.578478
948.267037 26.223155
-23.909140 -964.488706
485.329787 844.318410
1008.033977 269.721977
-1020.829577 161.661474
-223.239845 919.880047
983.443968 -357.832180
32.168887 -1048.893910
-152.491175 -1021.673022
242.593978 1008.749919
955.775969 24.039240
377.123772 870.339961
-779.286657 573.708161
598.218755 -856.967409
-134.303836 954.346092
127.721124 -945.588492
1007.141370 274.548623
-117.518145 -963.924599
992.988649 249.789383
950.474221 49.665844
372.610151 878.479835
-1026.955506 96.820397
-289.440785 -899.493108
660.303542 697.233716
-945.809431 159.036474
563.230455 766.029459
-229.448716 -1009.910715
959.520087 403.986292
359.190242 969.829804
-881.226940 529.257548
-822.641923 617.823749
923.165063 -297.603003
-385.820536 962.839165
-782.359097 -700.688672
573.640607 -769.505564
219.915090 -1004.246574
-751.866617 -735.298236
-1008.954981 -260.629763
60.039884 -1045.286857
735.306342 -715.391376
1027.565946 187.442398
963.815427 9.917334
-712.117147 758.304938
-954.398278 124.015060
-729.167129 -744.246100
932.316976 211.593807
1044.234640 -98.687827
-324.444112 -887.743213
147.417222 -939.006799
-72.003539 1035.549788
688.788626 -786.157913
-944.345295 -107.166397
924.146817 271.834492
-269.070840 911.386159
-43.199757 -1043.488581
830.788179 -619.213854
607.462719 -737.481617
743.567882 -745.537449
1014.790157 139.430994
1022.498618 -268.852367
-681.520305 685.113331
413.845874 959.577145
902.598451 321.656440
778.847001 705.246507
303.586920 -915.320441
-480.472086 837.127863
414.264118 -954.298497
1034.856985 34.660723
-240.177299 997.263003
710.704828 651.965547
416.106533 966.919841
-1033.975057 91.567613
1031.903091 -117.738163
-959.288577 -86.891445
1038.169867 -40.070572
113.213001 963.690312
-489.402929 -815.427801
717.614583 635.971443
933.463568 -220.569190
-955.346188 -95.843343
-735.173160 615.411427
-975.184284 -12.031079
-760.858493 -697.699421
715.079642 644.490445
-272.035798 905.214808
-793.316736 541.931409
931.845753 -278.633885
777.538572 -535.014342
780.451561 -669.673915
-118.422974 962.265876
-843.235997 -606.194650
1016.765892 -214.004109
-283.575872 -916.718663
461.958011 945.337210
-718.272740 625.659559
925.294718 309.318805
-588.862582 747.716960
815.553599 -500.978871
673.480981 716.230223
-553.004519 780.373607
866.534900 554.749605
920.796208 290.094833
-1021.638999 -136.314319
221.744914 -1017.814544
-171.548921 -942.608951
1043.641183 47.711290
-992.120873 305.772091
945.774702 204.966003
849.200787 -566.467134
655.380391 -812.296311
-466.196514 935.678626
801.627324 -526.253117
-605.993936 838.019265
-1000.369848 -299.104256
786.507567 -526.410383
1006.545868 247.161956
171.828266 -1033.639695
595.912272 840.078697
918.569294 -301.512425
-939.561449 436.096185
-857.237750 389.463893
955.179245 -41.274303
1029.323572 9.367477
-937.669192 244.356547
-1030.985699 -81.541464
-650.660210 683.373475
701.620409 -778.078950
962.835673 -38.613610
-270.553334 931.986948
-989.741186 300.412962
-320.329024 895.414407
-800.801445 -536.902148
655.225525 817.445034
-9.780812 953.028230
-757.434536 -721.130143
877.738600 381.864627
-906.414989 340.705470
-169.401675 -1016.124566
1014.729422 -236.935376
136.008679 949.639317
-953.734465 132.722775
-552.293908 -875.410931
958.901994 386.663420
-657.744290 -693.453939
616.237293 -724.192342
399.094637 943.872449
-864.005028 -560.807042
866.572488 -445.044961
-888.862748 554.603015
1032.314330 182.036284
-927.436676 496.659538
-684.057306 650.905577
-746.843799 726.381157
-740.931301 -728.467317
980.331173 360.745901
575.103173 770.525614
-831.466105 -461.940431
-77.211808 -947.571909
381.471734 -983.705116
-996.226732 303.960638
386.931258 -984.144746
-794.826841 555.386511
683.266400 -686.067663
311.590274 901.950255
-930.909781 -452.516672
416.564205 -868.998775
-860.046304 -587.297714
1029.190677 -145.447948
-63.343246 1047.368253
-212.855862 1018.100518
-519.003489 -898.244904
-129.932807 956.257231
212.048267 -940.460480
-227.208313 -937.911468
-479.420925 914.593906
581.832827 -877.799349
411.096991 -945.354117
578.526907 853.707260
-35.630727 -1025.907178
426.934187 943.458275
-41.780750 -965.977843
-836.274841 -633.710026
-921.647761 -289.803398
-799.714692 659.159962
-1050.466729 -35.203518
12.459518 949.780925
521.036415 912.745398
-421.274536 -867.340384
879.256706 555.306657
-652.884143 713.637937
959.087483 69.744751
-472.186996 -942.096512
-905.243428 364.577498
904.313497 -312.581801
607.530088 842.336020
-277.388560 904.508811
-640.438931 -811.976432
778.555503 691.883178
486.764708 -828.364762
252.217908 -998.928280
274.443773 988.752480
-1032.512530 147.361612
-728.036682 -761.186562
730.174042 764.804468
896.458508 358.092657
936.404268 434.932536
816.395540 -508.396539
-944.418195 -419.224736
-147.985550 -1030.871885
735.475736 600.027667
-738.773860 716.010661
-929.550389 -237.632657
733.023559 -623.931329
-275.138419 990.422807
-88.979066 1031.775426
1028.424692 29.978594
-825.154081 -494.891337
529.386235 892.300750
380.891360 -981.743762
592.509744 -849.263599
-1054.101455 16.248617
758.945501 -602.241379
482.138217 851.667201
628.462354 825.147874
1015.301835 -187.829566
521.332721 -914.301082
617.880824 720.934339
222.929898 -1006.869232
-922.043257 -244.700158
-511.399465 -831.117338
249.237036 -995.621119
-943.934422 -71.434519
969.295820 415.097037
-1029.905806 -113.831909
-46.749586 1033.862432
-101.709540 -1044.017272
932.453204 171.872782
521.233185 913.608012
-792.850404 662.997170
-359.461525 -978.763918
633.399084 -731.541867
-916.444016 232.229710
864.500152 584.398606
973.447718 -406.510470
-588.796855 746.984352
918.105497 -276.592299
796.581507 -674.943069
271.360402 -1010.752283
-814.922246 -492.346358
413.635094 -955.456731
-620.655433 749.198792
164.236754 -1019.217351
41.340365 -1022.502540
139.932708 -1037.124027
-531.904559 -800.563447
969.337261 384.617009
823.030670 613.820941
-450.891710 -848.784710
881.928779 -530.422868
847.735711 588.037833
624.073282 -821.358560
693.834724 -660.243131
307.900007 -1009.632199
672.824679 -786.414890
845.574444 -421.949927
-919.934530 283.564196
1033.294136 -39.920832
614.342944 728.951886
320.245151 -919.301116
-979.838259 -311.335869
-748.897531 621.233173
-192.457227 -941.817026
1005.123679 -243.968642
-917.504900 -239.033363
891.406234 527.681085
-979.094496 337.071302
-1045.244074 -100.079272
-141.293312 1043.705243
-613.905132 742.322652
281.559311 -993.012413
945.882769 234.804653
-902.578787 502.970189
-1023.684880 -114.440942
-915.768294 523.716658
852.557653 -471.100235
896.695721 -362.635211
-882.715848 390.166042
-187.062156 -933.528123
-1045.144255 -33.078846
680.273506 693.524381
-338.215183 -987.583128
1019.021068 249.426861
-1041.522723 -105.694807
-772.899031 685.645477
-701.277349 -755.672746
1050.888036 41.996963
13.451067 952.681714
984.267112 -326.336302
881.820685 545.617359
926.182161 -289.834144
747.828625 -740.554941
-219.435000 934.089153
-1006.230063 229.900006
-180.037786 -1023.182378
312.516950 912.501532
945.851780 -171.337728
931.467636 -286.432575
308.367463 -903.088845
525.137471 814.351714
872.012029 586.185093
-958.150579 30.153102
878.952593 -374.748182
874.890655 391.954287
790.303973 -649.747240
1011.444478 -251.117051
239.467072 -997.378609
751.301365 574.171551
892.923415 -351.524841
-1001.157844 -211.088606
-708.364974 -753.278563
1048.421377 72.073492
-980.065096 377.369082
481.452547 -919.489291
-844.464334 449.340694
402.424552 -860.053453
609.578628 -720.773731
846.568550 -568.628675
534.162977 798.083087
-397.569336 868.773288
-423.213685 -869.771359
754.582910 727.961493
946.928890 447.699709
744.136011 607.052740
-1.449338 -1052.349183
-120.658059 -963.745793
-1046.724423 110.177209
948.068911 -417.375833
-464.075707 843.223116
524.989155 810.947297
865.090698 557.930289
-843.856142 -602.652125
-691.639124 646.765360
-357.870070 -974.945104
-407.916568 -975.178829
529.311305 -898.853414
934.720911 -149.816577
-387.682440 -886.430583
835.802218 -620.508954
-947.787301 -99.964864
903.879762 347.554252
93.184510 -1024.209264
-1021.898160 167.287544
-943.152171 140.777159
-761.023347 -724.739410
1030.157765 128.488653
633.032001 -731.494209
-925.671557 233.512608
230.936478 1004.827161
-957.948825 -138.689948
707.573119 -627.715714
907.923321 -331.971138
649.637959 -833.132101
934.692131 187.102152
960.225290 -170.464011
-150.695830 1038.947948
724.220478 -757.277842
884.979994 358.095401
-915.467128 506.744891
-325.448695 906.204241
270.337569 -932.047929
492.307546 821.118518
85.623665 962.190135
1043.121332 33.791458
-63.557494 963.289794
-85.156697 1032.687314
-518.387583 -812.354034
-370.313481 -873.441595
1041.019001 -95.280891
1027.758216 99.542204
541.899672 -883.157997
583.296258 -873.702643
-1024.629835 -170.322301
685.917588 -774.820688
1025.219149 -164.986806
714.245678 -636.509583
-223.101981 931.774508
659.750342 -682.636490
-794.864506 -547.500107
-729.888882 -603.596536
-567.928166 875.953623
-812.821120 -516.209982
-935.485981 -198.750848
-938.625968 -454.506906
-759.910992 -603.326206
354.688745 903.678626
1011.360050 -237.157403
1013.432966 -177.658730
-1020.554571 212.504333
-318.365502 -890.037374
462.118270 -833.190025
-922.249555 -442.839003
-273.001670 -921.960255
1015.536123 -244.762489
-1024.203440 168.925059
-965.494750 118.172553
-796.336826 -678.962097
-152.945508 951.285322
927.708774 -255.652102
735.460634 741.603476
-188.738950 -1030.645963
-651.323769 -797.612843
-995.374098 -348.157972
-159.024510 -934.025601
-572.392238 -786.751866
610.614856 749.467498
793.676985 668.901480
435.924459 -952.437024
963.911096 -411.339763
863.523792 -572.374661
827.759170 -622.394497
-732.900697 -760.915853
-411.657284 867.747058
-208.859698 1019.536423
956.813688 373.033424
-985.141214 361.669738
-848.699737 -595.762819
574.925862 767.688737
-608.292433 -841.006542
-367.253555 969.913425
192.609387 938.473115
942.583453 107.098383
941.905385 -429.180226
-873.646983 -571.916284
885.185082 -331.758007
-1045.961328 97.662314
-56.728934 -966.462023
-613.233031 -728.176203
1039.861919 92.406766
93.792359 1050.696145
-479.011240 919.694671
968.616618 -6.160259
-843.774822 483.106612
321.981448 -992.893363
-735.670930 -613.302857
-696.301531 -645.716236
156.108244 947.419485
-955.973245 -413.406617
-630.967779 743.770807
725.267155 -747.194332
-923.871858 483.095361
948.605041 131.604494
944.166384 -209.500129
-273.098456 916.256528
975.782921 -97.413743
32.955955 -1017.203141
-496.579585 -831.317108
544.612958 -897.718959
1029.871188 -43.859583
402.538366 857.179359
-920.131630 -247.178838
-571.780983 -885.814155
206.393066 1017.581704
1020.454153 200.080856
-674.037507 784.536337
769.252928 -576.113968
-734.409192 731.425415
41.488237 -1040.160100
-968.353432 387.349252
103.724302 -959.673637
934.758241 491.166124
973.744681 -402.794147
884.552102 -408.417631
-16.958411 1057.436782
-896.617372 524.431400
-830.802226 -601.770262
870.461407 568.011761
629.291749 712.906540
613.839810 749.253549
1030.194593 37.477108
-977.662044 -384.506078
-171.470083 -930.636192
-317.239630 -999.678228
941.491609 210.587578
951.563937 -146.915694
1010.367271 -208.850348
-280.551965 -992.360660
-934.523128 -183.441998
554.998325 -764.930067
-959.114631 32.148479
966.271709 421.691822
979.321230 -320.113103
-113.614286 -963.747876
144.849161 -1037.279645
595.763784 850.623523
-954.403128 183.962912
-1037.239505 -108.031297
-48.702648 965.360590
-522.903369 -788.147727
440.830050 867.750247
1036.516754 -7.959267
890.859984 552.241088
944.558187 157.991259
-870.868501 -588.717505
-909.880689 -507.378430
-921.650587 454.886897
-548.671369 894.931388
-628.067637 843.850626
688.142829 -659.434661
643.689403 705.399429
-362.955570 -963.412590
-862.025309 -558.288006
631.082527 -829.929308
256.972073 -1011.707560
360.593375 -879.410430
-1006.422603 232.775699
386.497236 965.533600
-915.784947 -273.723531
-912.611751 -320.902288
437.799755 851.946310
750.206151 600.537408
572.393888 -875.042222
937.940269 202.270742
-892.958895 -367.627460
333.718320 -890.976258
-394.524433 -965.054469
853.360639 447.720146
-756.239376 721.600074
-833.150031 -618.319013
954.438972 -408.557225
-371.596033 974.006067
-108.857204 1038.935888
890.309436 529.827455
850.168011 612.006704
-857.694231 592.144947
1009.649169 -279.322369
-51.260062 958.467507
911.918066 -323.795840
560.912166 -764.322294
-800.106925 525.496926
-684.390904 -658.557531
-1021.226538 201.746055
-1049.961579 -50.304759
534.383865 -872.647227
-782.904838 540.367601
-859.418359 432.572824
873.921886 356.623614
775.083410 568.998076
-961.795538 -71.208542
-672.253393 678.167470
-33.988480 -1041.645560
1011.150818 -309.662084
654.278736 -707.556231
-1035.729343 -124.741011
269.965321 -1000.413292
932.913695 -261.555058
-938.511518 -119.057349
-849.563385 622.964222
-999.187982 260.246867
182.698465 -941.937896
-309.621888 -982.854278
-871.537983 566.955232
-854.025690 -451.921069
739.349321 628.507954
1016.598056 224.471751
481.716091 931.042969
-109.792493 -939.357354
827.503856 644.474413
-108.548748 -1045.382362
-771.857498 696.883898
557.894709 -871.807687
-1003.208071 241.967268
810.953577 -503.651885
-813.626291 -533.283546
-880.126061 552.215759
611.028705 722.236640
854.635407 -586.715101
-406.935728 881.771547
-609.284457 833.026527
-488.912992 817.809374
-929.705376 -452.189694
691.394737 663.324250
881.076229 -395.810953
1010.459305 -154.229310
778.116664 -690.410844
681.498628 686.296322
-127.492973 -970.680703
780.599499 -657.835226
214.047979 -1005.255600
895.258692 517.210264
-714.337107 -635.530596
336.391097 888.596727
780.178821 -553.745637
147.786766 955.539051
573.157562 -871.923489
840.698692 455.756107
617.106845 -822.895724
-938.856007 182.253398
-1024.892318 -187.335137
-957.522757 64.692570
-949.582812 138.754836
-739.781683 725.841506
-1019.273898 162.564643
-516.010563 -901.887088
-797.601804 652.180970
674.798574 712.613794
-228.191431 -1022.691670
-942.225526 144.540317
-559.696200 782.114170
964.023737 405.917654
-772.115414 698.569042
-736.882872 -598.978272
-883.613418 554.069511
-1049.909921 -68.535115
937.250390 -258.251230
209.900709 -1028.657019
182.275730 -1030.748908
-645.903033 -698.227446
728.172238 731.739685
887.954301 -557.072157
293.976536 913.454196
691.194784 674.298735
-181.041886 1035.472613
268.148786 927.214815
-396.530334 -954.629442
1033.202388 41.170840
-949.216814 158.217631
-248.924912 1018.339642
846.740356 461.818545
731.351270 -745.391459
-973.405543 387.543309
-1044.028589 107.192613
-890.407973 -529.044944
119.545994 948.950864
-957.983544 124.924885
-423.749609 -864.043587
916.308100 -303.676345
-156.836173 956.933395
-906.372952 355.380981
-764.490203 694.255129
841.005618 623.792082
732.957715 630.733505
830.423222 -471.130070
239.900874 1022.621800
845.694833 -608.216632
735.544948 606.568601
-1043.441776 -62.932705
-716.400689 -625.428996
-808.324515 666.561694
135.443317 953.171490
6.251371 -953.921233
1017.362531 -182.184636
-27.363178 -962.391677
949.306557 -212.326637
848.782895 431.944637
102.201982 -962.198363
-1.759352 966.773353
276.881828 -909.514413
441.010223 -946.348400
-943.120726 -64.323675
536.228557 786.081677
-738.719244 631.013344
564.021752 877.011532
961.344031 42.756167
207.954126 930.300705
942.442435 -155.915165
770.416813 719.517993
102.673411 1036.895544
-911.049768 470.985958
-514.860625 -903.773396
1050.581513 -0.904458
-29.751558 -946.807845
58.536223 1051.555568
-1040.817512 29.644460
-143.490383 -1022.913113
63.136938 1045.154076
-450.081685 857.535936
-770.083111 -724.206199
-374.778553 -957.951989
-6.820998 -1047.729845
969.277115 -16.935915
-946.125746 43.706661
157.555764 -950.164925
886.237217 -531.462858
-558.579933 -777.803153
285.063852 -992.417726
-441.960951 -947.762772
943.472600 239.127996
-940.513604 -167.210043
-845.618287 483.530828
-764.630056 -707.344142
-206.987082 1028.113904
-297.877983 988.948578
-1040.182632 -155.243163
850.250880 458.543473
-884.683052 -385.082908
713.438903 761.644566
-897.801495 522.028799
-941.979998 -133.750292
994.260135 -289.803762
-643.341086 693.386246
166.219193 952.535276
770.050538 -712.721915
857.559599 470.159340
-996.347362 267.172119
1045.869596 120.963332
-367.364718 -876.791601
-277.750119 919.947957
-832.298053 652.542096
796.009288 -524.521284
603.148989 -724.870162
-964.065783 -29.272079
964.596390 425.419694
947.846651 -210.005586
203.077123 -1004.785413
233.199129 -921.017367
-928.140123 -439.826116
-913.787594 -284.053025
161.991418 -949.046714
102.317234 -941.828163
-905.673965 255.731730
-650.572127 815.922918
389.604032 -888.949798
603.759679 -835.259188
-556.336740 -792.607046
661.374824 -804.356090
93.333877 -952.195975
-1029.441044 65.256936
166.874313 -942.492949
206.343048 -933.575916
-820.647150 -644.643393
395.760778 944.750107
630.867485 833.730981
760.144677 -597.632650
884.428027 377.705229
539.792948 887.252479
-927.885279 -286.134083
720.838623 743.937641
94.501803 955.177934
-941.157834 -200.504204
796.592142 680.674500
312.511484 998.024754
-114.254860 955.621886
-443.158664 954.893449
91.632900 -1017.547180
88.804031 -1028.126470
-484.960087 923.480772
643.314977 719.510531
-794.496444 -671.321710
-919.653036 216.125369
33.169294 -1031.077625
11.777261 963.231579
-14.021746 -957.336984
-645.958378 -804.157857
1027.182249 -51.222024
241.883365 -930.672014
852.035941 -589.115904
-20.900530 -1047.571932
646.119420 -822.762563
848.480591 618.587526
1039.718966 82.528946
-415.474230 -868.677855
121.175949 -951.257792
-952.164322 -99.978445
873.514603 -549.909318
-44.958199 -1036.370041
-641.189524 830.405589
-507.519199 813.653309
-541.159905 770.358834
-960.310782 392.690579
-101.692486 -1047.211991
434.574483 -947.420095
448.008011 945.780407
-922.404844 476.576854
740.237498 734.478885
317.261767 907.249188
1040.318629 107.143635
-888.605315 -361.416521
-356.114383 980.953958
368.204438 964.429896
-955.989794 -423.306878
-1047.693804 24.336674
-678.529478 689.464274
1017.435268 -296.444800
370.502945 885.520200
-995.258789 -273.750994
666.112462 -803.043826
513.864651 -919.823140
-839.871673 473.058129
-552.232529 -875.097419
-694.753786 781.779883
729.624503 632.211550
122.737155 -1043.234245
-258.563697 1005.507151
-1018.992072 -239.751867
-895.956330 -352.388756
59.108095 -952.538031
-887.746736 -366.643501
-274.946438 -912.944860
767.690984 589.386528
-785.175062 539.197591
-117.474937 -1035.100936
-1035.118025 13.172487
768.651065 569.800060
-675.689182 778.329456
-780.226537 -570.139761
-575.141717 -768.266631
728.237304 -626.881505
-905.380003 -511.871197
-1028.939477 -72.569749
171.165992 1036.208535
-813.854910 658.449555
-960.572690 -61.513268
-674.312090 800.339704
-1036.555378 95.152924
993.575013 256.681833
400.287625 956.021465
-822.135598 507.600808
303.405746 -898.053271
287.613156 -995.125564
311.414343 -1002.349657
-361.106952 -886.942351
931.088671 -461.847205
-678.873566 673.781944
-613.905836 -821.112785
913.799754 520.096975
-678.050376 788.240568
934.993799 -282.356254
-1041.893645 -44.356045
465.966719 943.776446
-1036.446976 61.352513
-257.181066 917.544229
-950.586117 -404.285073
-960.190533 -58.526330
-877.401257 570.798018
-870.965341 -587.850411
932.145688 227.587967
532.079363 870.321738
-819.779947 475.113611
342.292148 888.393313
103.857305 -941.064012
259.349560 930.211689
960.497567 106.293856
-274.890502 -990.986079
-856.668836 -570.425234
972.312451 -393.354359
870.100477 -566.829067
-224.196818 -922.754009
166.986151 1015.734193
326.535489 903.036676
597.504556 -735.945114
170.302199 -937.003530
-880.359569 -369.920106
328.876857 893.899930
1027.171044 26.342570
-550.142509 -793.651919
-1001.228157 -283.309881
-557.746298 786.544753
-966.794117 -141.978438
-1001.516571 286.480195
894.891637 -339.731504
1050.673251 85.704048
-61.578511 966.887640
-847.250980 624.416929
-975.209430 -332.053848
181.311505 933.240529
514.982347 901.959225
1051.625131 -77.267199
-857.599669 -611.021162
676.611215 664.290348
-1003.283859 -255.897595
971.932283 -101.858954
638.097789 701.620517
195.216945 -931.782449
-194.809724 -935.539556
-260.202808 -1020.028926
-530.653683 -797.839675
455.569953 949.917243
-1006.404471 -200.797412
357.620092 -898.395936
-821.725531 660.035381
-966.299927 58.938214
-977.220233 -358.531963
-608.195450 739.105802
-982.146636 -11.245390
791.915048 -511.612352
-298.864863 -909.241912
-632.578219 828.612973
-666.536202 691.559875
-437.701079 -836.218151
708.157471 628.896864
36.964338 1050.070216
848.408507 582.080910
-1022.206030 216.680718
776.843749 545.492162
154.280919 -1042.452401
184.431013 -1027.484813
-375.030545 889.193616
-165.415036 1019.166675
-37.221816 1035.004709
867.711736 571.371229
196.584959 -1007.469950
-891.811235 -511.776201
213.590073 -1003.135123
873.913294 389.414390
639.698818 -699.178660
663.788970 808.666077
-961.420405 -58.229349
-163.915222 946.283303
-880.242393 -340.435972
935.493047 233.036837
617.767559 -735.502717
134.224138 966.063532
1036.782388 -91.817555
274.291626 1006.090642
-1052.687744 -19.232949
-912.989065 281.458542
-951.554055 -120.694486
-1039.035002 -131.072444
-625.342867 -709.131477
-643.951767 -808.961841
-629.099589 -710.342015
737.045780 626.834993
1028.673568 135.992662
214.693249 -926.470757
-940.222901 82.391604
-563.706037 -864.052821
-306.159762 916.906169
1047.093872 45.765980
950.394272 173.519040
-512.588375 802.756640
929.264385 494.210370
179.306512 -1017.277491
800.400855 658.784764
530.661043 -913.739022
-1035.164733 30.737748
441.471187 -931.568840
1046.316904 61.759410
1041.295282 -88.580004
-694.611232 664.953117
374.392586 961.014155
568.293463 -759.763986
820.257617 -500.613114
-1002.284302 251.472440
28.465311 -947.796872
66.967281 968.025122
490.751326 913.059657
-195.556574 -1005.636512
703.216706 -635.807828
-529.003560 -812.010266
-18.567800 -950.812913
741.442574 -598.612385
-560.447220 886.867914
-368.651953 -898.676725
98.615046 -1023.352238
278.985313 981.122034
956.468825 -164.636404
129.202794 -942.438088
710.063457 658.310758
164.239366 946.944620
-1010.909388 208.405486
420.867433 -945.620258
451.469586 951.059747
-705.755488 642.895484
-148.290725 940.308298
-953.882510 -413.960551
347.753450 981.081802
-809.780162 -517.435307
247.744728 1006.916900
-314.322956 986.545914
316.220370 -1002.065800
-497.990707 915.253482
-801.397892 512.151318
-471.245861 909.858233
-956.467205 119.291438
-472.089278 -840.315951
855.501121 436.512200
-831.838736 617.393974
704.093805 628.060496
-678.716683 797.830584
-968.549006 -35.244380
-358.025730 881.777895
871.713661 -571.701707
-1014.029987 246.259337
850.675712 451.785138
-947.262710 -67.490506
-773.253332 -565.537976
123.846575 947.524580
-960.796693 91.275916
591.109379 760.504763
134.479156 -1050.021834
709.734042 628.140707
256.315825 996.163565
-41.222761 1038.947812
-661.136420 798.503828
534.840173 -808.391685
-610.700196 -727.127594
816.464014 643.177231
765.697759 -687.739415
144.131858 937.978654
56.634091 -1043.824494
934.712825 125.651749
-336.408270 893.751211
-955.193229 -80.679761
-133.916477 947.522866
470.477506 947.007515
-749.118931 -618.288099
268.659644 1004.719868
830.125787 -619.090650
-155.873903 -938.609948
425.603124 -847.486928
-762.380682 699.274024
-845.302018 -628.526367
786.042200 562.479926
732.656435 -614.206905
936.932860 240.552122
534.302402 -878.991341
84.433777 -1039.638853
-591.900319 848.672442
855.031039 -589.001101
-316.750696 -890.827473
-988.515264 280.491769
156.406338 -1022.407913
-674.469831 784.378635
934.600843 -242.502706
1025.462819 38.871470
-921.661420 -281.866994
-940.390072 71.062174
5.948470 -1043.761345
687.179779 -666.043969
631.605535 717.038653
-37.067747 -1042.753608
542.600142 -782.859297
813.598116 -511.680926
252.915055 908.614511
21.538578 954.908393
-481.344332 926.849935
-925.761617 478.570332
-842.646804 -444.054810
-956.961063 -136.727549
-1035.668129 152.367639
-1016.923238 -205.306591
-913.727407 486.689341
216.581751 1010.799837
-712.681652 752.879930
-981.793139 336.324076
-512.855430 802.366717
941.420742 219.284997
-909.049215 -299.889079
-693.295774 -762.872382
-736.137598 610.682068
-997.939812 240.948648
-865.643191 381.041661
1019.153413 -226.530585
-928.433328 -453.466002
609.675052 835.069603
839.337374 -469.478949
-957.233297 -48.294018
914.343407 -299.652402
946.681308 437.226013
767.456824 587.370062
-275.442891 -991.034588
1040.615037 -99.539231
-460.497993 -951.381499
-1040.383023 -135.113176
-726.343515 631.458470
742.497277 -602.021563
-667.529004 -799.681395
1002.622334 -318.458760
301.331171 979.649987
-250.190488 -1001.327954
-697.575044 658.640287
134.799971 1012.612179
424.775909 -948.170204
-114.705471 -963.700416
-1044.836553 -72.187401
929.998298 -448.098043
-69.314072 -1030.271331
822.812817 640.967308
889.707979 -397.753137
646.218956 706.679036
-698.048552 -759.969263
-645.979777 -722.382693
927.530694 302.717942
581.938115 -857.695378
332.821144 1007.368305
-749.578317 -616.065272
-536.382617 782.157915
481.816141 927.794103
797.159044 678.164333
835.958270 618.063908
1031.539743 112.687074
29.160018 1045.112065
204.213746 -1005.725212
677.503121 664.911838
-620.631401 -825.756211
427.614538 966.043886
-865.962919 392.574728
-705.664291 -774.832921
-696.684357 788.833116
-959.108895 395.668223
598.558359 743.190407
691.213852 -789.917636
905.852147 310.332498
-975.535215 396.801558
942.677604 -69.174412
33.942640 1042.834240
515.205877 907.712032
-681.561918 681.637107
-190.672118 -1014.681315
595.937167 737.676906
1010.524216 -291.516726
790.700849 670.445485
610.490320 -742.745828
412.409170 -969.139124
-508.424965 -805.967119
-1003.474525 -303.857692
-910.744942 -482.615463
899.841459 -313.956127
914.221730 -286.580639
563.379710 -781.010312
795.801116 -662.778710
236.416381 -997.882436
-810.295859 -638.518779
561.696087 -792.263499
66.070915 971.580386
992.186062 348.574381
618.072547 -714.699985
599.160031 -736.834284
-190.535421 947.108027
769.943063 -571.877512
-524.559227 899.894939
-630.019664 713.432669
308.203112 897.724048
1.144794 1047.621206
-554.300291 -782.507271
-577.974274 -784.669297
679.181842 784.913776
913.030753 247.531352
798.493440 654.144407
-160.839612 -1040.149652
-914.532268 307.579923
984.563718 355.268834
-850.973012 -591.329311
-2.000974 1047.106112
-549.887144 895.793270
-808.718578 528.509670
481.149301 -910.395478
475.374909 823.140812
906.917835 546.711664
756.094845 575.863791
-7.113598 1048.778766
-647.424264 -695.246752
-535.761460 879.827551
949.480946 463.788064
-790.954456 669.592563
-609.100199 739.843214
326.866713 -913.156308
-315.041373 -985.526751
-705.850606 755.673307
107.758602 958.675178
938.100784 214.466285
-747.882049 -617.380505
-959.130677 -99.593665
266.660407 -1014.977337
-925.796826 208.116488
-170.972432 -936.487993
1044.024194 -36.393871
954.237921 123.036541
536.681620 -793.611569
384.889208 -961.515469
-622.882153 736.861646
132.810058 -955.112893
-239.789784 -921.360866
-849.066642 469.620466
565.379934 -885.946606
-955.097049 426.228559
485.268065 914.099849
-951.001988 -20.297453
-69.371757 955.880517
-752.677352 -721.336719
232.995697 1022.428978
-392.692951 -870.213766
686.632604 668.051051
-82.343970 959.866248
842.807381 -592.351182
-632.076361 -714.177819
146.914731 -1045.938959
-111.459736 1045.800196
102.015737 1039.037741
922.963112 -240.834772
-858.192200 -406.656882
297.236612 906.772828
973.813697 -26.241599
326.397793 -910.891149
21.647924 1049.389592
342.577529 904.388085
743.044828 -736.125842
-243.200482 -928.333782
804.921639 643.318632
-329.484802 -976.267920
533.002357 874.223873
761.738052 552.806482
403.920826 -873.574235
583.769423 875.812612
480.233387 926.734363
444.819792 -844.994728
-692.599476 668.303326
290.883034 -997.102013
-716.362672 641.795243
-975.533910 -7.517578
-339.722918 891.807206
-55.654655 1043.752032
-912.715822 -495.615335
-741.462493 598.783025
551.089135 -871.314501
600.493777 -864.873469
833.635281 612.458542
-86.655853 -1035.301297
-209.662369 -1024.310858
-882.696607 -564.242100
-604.687129 734.141221
848.031127 609.355636
907.639914 -290.920601
930.718761 457.581069
-765.150291 579.711703
-1014.519497 -232.621096
963.252079 42.237976
735.958028 -627.594942
903.609375 552.612995
-640.919429 -724.005366
881.483751 343.648514
1052.039342 -19.521984
-126.254481 1039.481760
374.956762 889.479466
-765.765894 705.953170
767.107657 683.017178
810.655987 511.005499
-793.107763 566.049513
-468.054516 827.010600
107.829534 -947.234476
835.540941 -464.457415
1031.505370 216.523957
1012.269571 243.511932
-533.586664 785.474957
-293.976574 1005.322650
934.301961 288.578433
356.700253 904.311471
226.349150 1006.042965
-634.554737 -728.597822
1047.520998 -35.529308
914.485894 479.368321
619.711423 734.122051
277.894824 -1009.437949
340.245350 980.589954
-44.245915 -952.251335
332.719993 -986.044416
-432.101933 950.247450
915.766457 271.036612
1016.942040 258.505726
469.259182 945.844212
-362.613362 -889.686202
-1024.161333 -117.189576
938.308256 -130.582682
52.053447 -1022.226253
956.057481 374.758899
-917.975116 499.715833
-824.661731 476.621903
720.634697 758.633176
521.095348 -798.241919
-681.826092 806.445285
-1022.074576 -127.949781
747.621788 595.321868
862.565835 -427.152106
918.852125 511.440544
55.824956 -1028.588542
-31.463422 1037.782975
767.202029 -587.607804
-358.220686 -960.755472
-212.234074 -933.130934
-794.238024 544.092481
-262.454969 926.108022
906.691447 324.990204
984.599848 -393.407309
-88.448373 -1041.827454
-1051.765161 -65.602296
-473.988769 -935.052972
-343.230478 990.361232
-227.880219 -932.771217
22.832055 1054.610861
-867.798755 -371.366234
-941.114415 440.751353
-1002.226045 -205.807429
215.741780 -1016.202156
876.307910 557.264464
927.981401 199.791543
937.887528 -260.389292
843.452044 -451.012030
-866.232794 405.145833
920.197546 497.554595
720.022581 618.985432
722.917056 -758.588625
937.168501 446.987474
-516.690317 -795.679521
-678.781552 -691.420371
271.496584 -1003.944136
948.007861 -145.135326
-943.141102 -202.776504
-473.068536 -946.632465
413.380627 -872.682239
-990.812761 -315.836683
-899.376087 -511.677272
-52.591418 -956.519982
775.812549 702.160773
-660.323153 -799.055207
647.049025 -804.237320
-947.970638 -440.953377
14.820868 960.306451
812.092399 -501.904989
-719.527466 623.714674
746.704061 715.342525
391.649593 948.902115
-787.822149 -693.951665
-747.368076 597.789142
47.806663 1035.826446
943.101216 -226.526525
-225.037235 -940.567267
332.384582 899.132068
442.227689 -865.176049
31.266078 -1037.706444
893.683624 -387.214099
213.556929 923.295148
403.965286 -885.954664
-682.084444 -674.425950
-149.876457 -943.155100
-597.698398 838.859855
188.754081 -952.087660
1038.064567 138.468345
-733.254519 728.534130
-845.147678 470.231421
-19.673028 -1037.803268
-943.488860 -452.478275
234.891194 -996.164828
1016.343041 138.213062
-259.208362 933.319238
-881.689297 -375.260731
787.136358 543.223681
-802.765600 -676.925938
-167.071511 -1034.962244
-944.320180 156.905706
-949.013535 -46.257682
-665.193615 -681.307291
46.101247 -958.872633
-940.851081 436.269110
299.026546 998.005308
530.949791 810.190983
-483.703833 903.585473
-163.210963 -1017.726795
-550.298527 -783.756535
-923.483999 -450.452401
1047.163510 -109.281379
328.044213 -987.883788
-922.165772 482.429722
-950.218278 -176.551716
1033.742764 77.876876
-410.545625 962.381293
932.776332 -452.525741
811.759378 -653.920090
118.953857 -1041.482430
575.184401 -856.319251
-946.661141 -125.477180
943.904525 -433.351155
627.260287 -718.186099
-116.818109 1029.973034
918.027445 -264.187359
942.977190 -470.848333
204.116140 930.244181
50.970647 959.867307
140.176004 1036.004014
-355.495282 -888.440897
926.199429 231.822982
-200.181898 1015.012654
601.033362 -761.728147
-451.351691 856.258903
542.927923 -896.955111
456.028947 830.736120
-786.289731 -577.590058
-40.903321 -1038.769368
-951.053732 -123.312213
-843.788805 600.903972
236.026264 932.580124
335.063744 887.939576
952.697948 211.697579
769.186822 703.603994
943.408873 233.984674
-831.291536 501.430851
-848.021944 -608.408229
74.738782 -954.788760
-887.949924 521.679630
684.399187 676.082668
-484.899338 827.645926
831.123001 642.081895
495.036375 807.390959
-953.478750 11.428811
-616.668107 727.646007
-670.201753 796.552305
373.386539 -985.791651
737.341414 615.677671
939.278164 -279.441517
-1021.928061 -130.520723
824.536375 -489.645913
390.823509 879.934341
-606.048130 743.737249
50.040291 -942.894289
-244.021424 -1005.955181
957.330864 -50.683143
317.311224 -900.852396
-823.468864 480.331816
172.646917 1036.453612
-470.869879 819.825224
901.080377 -505.301420
962.345475 84.616309
-1052.408730 -0.093627
25.482862 -1044.683840
-960.405094 -169.886628
1014.037102 226.345443
845.274210 458.257911
-763.092786 -573.077052
446.926107 -851.550359
817.158538 630.545155
107.802371 -1026.050860
-309.324525 1003.878901
-1025.726184 214.831657
592.795418 772.051758
236.255687 939.795967
1029.955871 77.446555
-10.795435 -1057.374851
724.765416 -617.713313
-57.728180 -946.972882
422.539701 956.430551
-896.748991 359.880745
730.102486 636.660127
371.749694 973.890523
272.401036 920.757799
-998.108317 -320.565525
-807.592054 673.622185
-931.279406 -473.437758
1016.015113 142.437326
-866.862521 424.266561
-577.250236 -872.027708
-521.572520 -796.664145
-824.384130 -658.115307
24.445149 -962.353977
850.333422 465.893592
697.438046 654.943865
-326.341449 983.745623
-947.438994 53.482386
121.146881 1030.935173
926.104560 290.504700
-130.449719 -950.946238
-525.314550 890.098022
-1046.231938 65.176567
582.553895 765.516798
-971.530347 367.655869
-849.425527 -455.525106
17.859889 -1041.758209
598.711022 -749.786933
-272.282045 904.530748
-737.993797 605.965137
852.316241 -607.418826
-1008.019599 -253.338798
61.626198 964.478171
-78.954950 -942.227438
842.515522 -426.102622
-951.641138 56.176269
-982.681250 278.233217
981.563871 -388.462673
791.930531 -518.390338
-918.151833 -284.848820
-933.051925 213.945304
661.715465 800.953121
918.130626 -296.737415
-784.845031 559.661866
-598.461197 -748.828159
-1033.889406 -145.658428
872.971103 428.706783
515.988263 -805.869673
-643.458184 720.144804
593.394887 -752.210188
350.705259 895.899385
-446.011792 839.832578
-411.374595 -975.096046
545.686560 -879.877895
-771.359202 -710.585961
712.055324 -644.268853
785.273937 670.937275
957.487696 -121.925315
-303.859720 985.325492
-950.163486 -75.696907
-589.924843 863.267683
210.996454 1012.381218
1022.459822 201.582298
642.967070 -820.686770
-926.697692 442.699007
-508.285213 -910.449620
-576.958724 -853.320441
-937.890421 446.412713
-68.922434 1029.447505
-605.552305 -852.899305
458.686976 833.066156
843.180331 -607.031036
-891.235513 539.984351
483.895125 902.364163
-879.614860 397.696036
-757.421128 593.134549
642.440016 714.521006
-454.460240 844.896560
-417.507112 965.452479
322.092364 989.879388
103.360981 -943.883762
-963.045356 374.945796
748.211265 -720.262159
26.797072 1039.310166
912.290978 302.724128
133.066817 -1033.275016
445.455078 953.214780
-645.052905 -818.334686
937.542676 -477.461118
532.443381 792.378030
-684.183892 -655.616744
-1051.109829 49.296754
918.657429 -254.896695
587.459250 -749.489094
-822.383303 -505.377667
928.461868 181.577699
-898.660709 317.007262
-636.440913 736.900103
956.454106 -81.251507
944.762154 41.141099
1024.236790 -181.796469
-118.246600 -958.628939
-341.434141 989.559537
-194.701242 929.471861
-952.870508 -55.721417
-297.575241 1001.018550
562.419681 773.877531
553.788362 788.188331
889.867149 341.702219
-510.364133 -801.397856
-52.786356 955.449472
624.499929 717.086835
934.787933 460.130011
1040.760808 -10.041737
-992.267717 -292.113798
-414.051153 -949.892028
221.176749 1019.187528
-520.395301 -794.104314
-832.726525 450.993802
125.223292 -1040.884178
347.865420 -881.925488
210.189121 923.977670
657.096686 -714.691193
189.745192 -948.356999
-688.284162 -668.328102
962.613911 2.572988
-515.756243 902.306707
1029.643077 -134.548163
520.218590 797.409790
-894.289476 333.483816
-848.222167 -452.473093
948.870080 -76.513700
0.301456 -949.749755
-866.315616 -576.599190
724.806111 -737.500831
761.831855 552.664037
-1022.981391 -219.879336
1022.009938 193.856751
985.795843 286.432064
684.717102 669.642202
-658.124828 823.898833
-787.701169 662.023343
623.864977 743.381275
85.395045 -937.989023
-402.312201 -966.937193
-985.356882 363.353276
-779.414787 -556.055377
-1043.182092 106.581521
-721.205500 634.007877
959.274078 58.344628
934.747124 430.580168
-111.046176 1033.295386
-733.976710 -744.874724
25.262350 -1036.311144
-226.278705 -1025.300308
477.727494 -838.574700
-537.333969 788.766937
-473.753398 -823.011552
477.459357 -938.081566
790.235526 -665.426813
858.801933 -398.738861
-46.050787 -950.623574
419.474022 -964.959338
-429.727282 -936.601202
-1021.218473 -136.798418
-691.161539 -767.152282
-547.337435 786.901097
-487.576720 -824.532636
958.794685 397.818662
-855.177988 588.907068
-959.812972 28.385543
-271.015573 -912.044688
-25.569920 1039.730710
644.885138 710.923445
839.772029 -605.488110
854.042470 -581.853697
945.724346 -186.463507
286.557665 -900.422423
508.402306 803.673989
823.556833 -640.385661
-1041.027505 150.766833
93.094073 -1028.104333
744.011613 628.059777
218.625332 -1001.625416
-899.121710 342.317109
-746.570888 -729.713209
-748.491786 624.285154
970.937806 12.846737
-948.848193 -167.456563
-935.357546 -213.258827
10.769513 -963.097130
1023.871295 -34.298695
710.833524 768.043259
861.835879 463.054253
173.859412 929.212309
852.918509 607.648334
-954.752124 186.324963
-428.692266 -873.044541
277.189600 -925.292154
639.276262 819.718839
813.377015 646.489278
-118.699816 -1027.510878
815.148421 -631.205490
-296.101023 920.742903
168.495448 1017.030178
-506.063185 818.246103
-506.659062 -814.173533
-1004.272941 -246.472969
-592.345223 835.343826
835.048683 -625.843807
818.708885 -488.829802
467.969853 827.705401
817.437409 -501.039778
-449.569456 -856.010503
-847.074986 451.903552
622.828500 825.155283
604.508841 -834.543194
-1041.670000 78.567676
302.419867 986.388657
883.053796 358.632527
824.273687 656.210359
-374.691458 -876.436650
301.042948 925.896540
-765.383888 717.596710
197.561916 -929.715030
-962.367974 62.437584
-891.539930 -344.746485
545.494011 774.320583
193.697749 -1031.259280
535.043536 -879.386620
-658.394648 697.856381
694.090937 659.357896
-927.936222 270.121739
-493.807743 -923.322354
684.790244 673.364120
1030.028979 219.358676
787.268028 -558.876806
61.638979 -1032.414503
472.573710 -943.334186
-849.914082 -432.150423
-226.845243 1006.758346
1016.897299 255.473423
238.747432 997.206568
-683.434305 -659.196825
-299.771322 916.264320
-239.806758 921.829083
-1042.538290 84.248831
-713.693438 -624.047014
1003.368333 -289.094672
195.906226 -1011.225163
-893.306048 -534.763569
908.841538 544.573094
58.345582 -940.511510
-589.265653 -751.302430
1037.561118 30.368050
-503.670897 912.166497
1019.918961 -141.050441
-596.273898 737.697272
-974.860404 -349.337214
146.723291 1020.393457
-765.171110 -714.573016
717.186800 -761.632748
-78.698536 953.437131
-1007.249417 227.719115
385.205215 -981.431870
-363.667484 977.237221
-1036.020821 -96.790712
808.359565 -525.345036
83.897958 -948.113031
-350.476965 881.678279
-432.057355 -858.076254
857.049287 429.918384
-172.531378 1024.986658
1044.399747 24.344178
1028.749375 -55.602748
-981.654963 353.342817
-609.731163 838.348634
288.991333 986.450124
-828.488128 656.058542
-116.652884 -1042.006070
941.530993 161.322933
882.839111 -523.699392
85.486822 -959.014695
386.112281 859.771933
904.316231 -505.740177
-876.250797 532.218561
-560.760925 -786.568026
-520.288067 -807.157117
93.362696 -1039.352359
-24.901536 -1025.779469
-364.993799 890.934270
-960.057571 -433.206572
679.695368 775.138545
-1016.779019 74.812070
-280.188571 -991.806484
-1036.321290 97.234673
-920.171493 -268.073785
579.270919 874.630257
948.328116 -183.139267
-602.637360 868.186818
861.920486 434.594058
-614.756361 731.637042
-498.688560 815.025690
888.835081 535.797174
-403.319351 -957.909907
-1044.604912 41.419631
-863.587385 -583.507528
-778.907411 -565.439268
-371.533236 -885.115629
-14.737480 -944.673069
923.667420 -446.827320
-676.038739 661.756331
-967.606461 -43.089150
570.071817 -873.216082
421.110796 -853.657960
-1020.550561 -189.137638
-284.594791 -906.297518
-78.928248 -1031.785913
1029.408275 21.435790
-212.431811 -949.209789
1026.222238 142.296165
-370.049781 889.697379
-539.158705 879.878919
-367.964491 873.408750
-928.787948 494.183725
-1040.180846 51.491464
6.649479 -953.147256
692.820710 771.565684
-971.671088 -9.742940
-350.884954 905.243720
107.240521 949.819246
893.566948 541.445442
516.286164 918.600112
-359.664482 -881.438600
-599.008765 870.880841
-1008.823194 267.654084
-513.846616 -793.396070
-711.183557 -764.731709
-898.032774 -507.758524
25.327177 949.781177
-76.186833 -1032.810383
495.476974 811.806643
1024.469586 -41.639723
133.909713 -1041.457722
-40.458136 -1033.449718
-937.568046 -192.202540
278.567054 -996.618805
-46.739223 -952.368572
631.151001 818.319397
-951.376674 -137.697176
370.535104 -979.079615
1009.584072 301.986541
935.862740 -473.030769
-853.000702 -445.031353
-894.120153 539.611025
223.755792 1026.228355
311.301728 910.541686
-992.915012 -283.371105
-560.437440 871.774770
-964.113567 -25.130643
790.742002 670.419603
-653.034625 723.695719
-1032.604392 143.385550
966.279399 366.681062
-386.067942 -962.969818
-542.160140 889.382298
603.438727 857.107367
-374.857771 967.204337
-97.647781 1035.101941
-108.460390 -1040.249049
1008.814259 313.191580
758.499919 -597.097818
-767.050176 -682.530656
729.659535 -618.697579
452.614942 -849.831786
194.294679 947.648572
1032.789801 -180.602942
123.419908 -1034.250947
-185.394764 -1026.395343
-872.382110 -589.314227
-960.022636 380.013420
950.148051 -190.782707
211.740014 -1017.899870
-976.940602 389.573443
133.228401 943.672108
-1053.462113 -53.313846
747.079419 625.141352
-748.153048 588.278068
-873.424189 391.882769
28.237532 1054.492860
423.211979 855.224977
947.425301 -160.460544
-892.634266 304.496822
-1019.639571 88.148614
476.477730 -911.322492
571.042059 872.284541
693.877382 -776.924366
-778.933158 -563.114217
1026.376088 -144.536571
-923.860839 -241.815926
-842.903931 434.517633
-125.056251 -1046.929376
948.425835 180.840727
-940.818870 -183.355834
1011.213417 -186.391163
-980.691979 -349.371938
-986.654532 -272.048484
-1056.893444 -25.948168
766.131388 687.613183
94.123547 951.063041
-675.417855 809.710531
584.260082 -858.038526
856.349485 -429.549786
-286.261106 921.440590
550.315031 -784.045208
948.088937 21.097482
-597.816823 733.268517
-995.301208 235.464518
858.273640 609.636759
-40.697480 972.615390
891.530391 532.272755
27.052592 963.477452
291.003492 -1008.536372
117.213047 -938.856498
-766.302532 -592.987737
582.967899 761.774663
946.353346 -89.156560
486.406067 -813.060939
423.437818 -854.699084
944.257247 -422.996037
352.605031 -905.134444
-775.802071 -552.967176
942.912557 -75.501268
-672.447210 -812.812863
-805.759552 656.634043
-53.457183 -1035.364361
924.617732 -446.451967
756.300884 557.689475
-923.461350 -457.282149

wp 500 2
1001.342554 1.768656
1003.720706 14.972263
998.216528 22.529213
993.335951 31.129326
1004.441917 54.911934
1000.633802 68.179840
1003.171714 76.266644
991.695979 94.648463
993.971597 101.299785
984.492546 118.479646
998.537226 120.383476
981.091200 142.014553
986.807578 150.526830
987.398394 166.154347
976.875268 174.355057
981.138825 190.220510
976.374016 199.830179
986.056734 215.835344
981.864350 226.292047
979.325511 227.864348
965.965363 255.621109
968.212562 258.988509
956.780423 267.759017
959.396465 278.094633
963.981557 302.723603
957.345252 309.015021
956.904011 316.177076
949.315984 328.725644
942.407779 351.985218
936.858113 354.326243
926.176963 375.609274
917.193727 374.939873
929.760251 390.185355
907.231287 397.694820
909.524443 405.431556
903.513406 421.262103
905.538250 446.123249
896.232430 444.859812
892.114218 466.045134
892.074423 464.917642
880.798511 482.595030
861.861570 495.413227
855.462028 497.599443
866.562267 522.010757
857.394668 521.858989
842.493523 541.849270
833.224856 537.033556
831.355121 559.679129
825.059607 558.066083
819.821326 585.022016
815.335737 578.296315
793.667149 589.604005
795.525624 611.063626
792.030535 621.160318
778.890608 637.102621
772.332714 628.448553
763.510187 649.188747
751.616566 657.333683
740.581091 661.618674
741.367660 665.547459
738.021124 686.207994
724.662903 685.576400
705.494584 701.167453
707.906921 703.255282
699.202845 729.050409
694.254314 734.567805
677.229175 743.204154
662.833289 755.392812
650.954918 746.140962
654.188979 752.773803
645.879963 769.047463
619.135301 774.167381
616.944351 791.672435
608.883474 793.262747
590.677775 805.804243
583.127055 816.716857
570.317927 822.020864
558.933470 816.291031
562.263072 825.105196
553.344772 841.443295
536.481775 841.726978
522.788493 841.364097
505.327960 863.682377
509.794996 855.617189
490.578822 875.835320
472.930113 875.849802
462.452607 885.496135
451.096532 891.157863
439.390243 894.811406
443.764837 908.899194
429.563672 901.745896
422.941407 917.467634
400.498575 906.797187
393.207962 916.035940
378.952842 918.057396
368.632831 931.265627
347.037038 936.038037
341.952146 938.222578
340.830286 933.372842
322.139131 943.068830
318.273259 960.812928
288.746118 947.956362
283.325154 954.268258
271.681048 955.080902
259.566365 956.583907
251.096869 966.032883
236.029524 966.504008
219.538590 972.535611
211.273328 984.332112
196.040559 980.752781
188.775483 988.330161
181.453140 978.075810
170.899909 989.986429
153.288706 982.425121
146.803698 988.943519
118.448579 991.703066
113.539424 997.449336
94.119937 995.302671
80.174551 1002.923392
65.851552 999.836650
67.182680 998.177172
54.976202 1007.909175
31.061142 998.506722
26.569142 1008.803878
19.205185 990.894380
6.682576 998.707748
-15.707527 1007.496904
-15.669199 1001.645761
-29.632806 1000.660292
-57.436113 1004.090984
-69.092633 1001.343911
-81.305873 994.371295
-89.386541 1000.298079
-97.661340 986.966444
-105.294200 1000.035253
-130.281170 998.730277
-144.734098 984.572142
-159.540744 988.058716
-169.343722 992.418542
-179.668130 990.382995
-184.432052 976.585450
-209.583615 988.074821
-211.032690 972.401200
-226.646653 964.912158
-245.769411 971.974074
-241.270221 959.724236
-251.993180 963.821930
-271.863382 962.351982
-291.876122 949.889823
-294.800071 953.245375
-302.460126 949.737810
-313.727927 955.809557
-335.940121 936.395304
-343.686505 940.365305
-348.008476 937.947008
-373.548682 926.396545
-370.789826 922.052048
-386.081322 919.267947
-407.797098 922.410026
-420.156325 909.025507
-432.902148 899.100383
-432.865213 905.099941
-441.755818 899.369181
-455.944203 888.427282
-461.736040 885.207244
-474.743699 867.899979
-483.953891 864.390917
-502.576415 868.226228
-523.092592 854.845591
-531.441440 844.590632
-540.757868 846.623914
-552.534253 835.329941
-563.557448 838.135659
-557.358478 813.994251
-571.081209 814.351544
-587.856023 806.575433
-605.185340 802.546295
-615.913700 801.215450
-610.672562 782.273007
-621.185751 777.132946
-645.027601 776.730150
-655.882291 755.982919
-654.714685 763.407324
-675.804823 737.253453
-678.724837 741.598083
-681.472088 728.011611
-685.077783 717.764893
-710.428040 716.598474
-714.318685 701.766996
-718.653672 685.297391
-732.541015 680.369363
-740.922039 667.323859
-746.904473 662.746499
-754.976333 655.561159
-766.368987 643.685893
-775.524402 632.980245
-777.517497 625.174078
-790.887555 626.918329
-786.849683 611.908399
-808.521230 595.872995
-799.848563 595.164952
-826.097497 570.961633
-817.235338 576.113583
-828.394374 560.247408
-840.347889 546.441758
-841.823197 540.153153
-849.774892 518.337502
-855.623989 508.217030
-862.514472 504.965608
-870.950039 502.512356
-881.217923 487.998880
-879.746379 466.294540
-881.734350 450.937521
-884.457422 449.187947
-890.585150 443.679366
-898.710728 415.968480
-907.381104 417.256030
-916.178410 407.033967
-916.342330 390.713915
-934.012484 371.793665
-928.176733 377.170094
-938.439629 356.573831
-942.309094 346.865517
-938.280588 323.982397
-943.245014 311.131428
-946.421423 301.580850
-954.505503 296.368625
-958.459298 290.739904
-955.047843 263.299699
-959.480163 268.684336
-959.952668 257.078183
-963.885500 244.382995
-966.084212 225.168861
-975.125707 217.470110
-977.947155 202.441385
-982.048425 183.888100
-978.810120 166.959064
-983.753466 161.342753
-984.741509 142.880686
-982.647833 144.766123
-996.948096 128.550382
-1000.963966 106.704275
-997.720046 109.931035
-994.195217 93.477379
-989.359171 74.210139
-991.974205 64.565166
-990.560572 52.099888
-1001.632324 47.069936
-993.537477 34.593525
-1008.557176 16.102908
-1008.113971 5.913089
-1009.127870 -16.687281
-1003.005923 -33.208984
-999.926324 -29.839881
-1006.220547 -53.990505
-989.637364 -60.276300
-990.198936 -76.323867
-1005.263223 -90.217609
-989.171765 -98.864443
-997.739465 -105.688955
-987.016677 -116.350280
-995.897880 -135.384205
-986.673671 -157.293151
-993.057011 -166.212990
-992.892539 -171.627466
-988.222523 -179.337404
-976.359105 -194.901439
-970.058716 -221.602245
-974.774219 -216.049567
-977.056174 -243.621929
-969.543034 -245.450458
-962.593356 -259.849242
-960.871386 -263.531073
-953.648379 -294.503944
-959.371967 -292.291173
-948.440458 -316.085817
-943.398811 -328.464540
-950.308754 -341.263848
-932.519165 -350.904643
-939.503588 -360.233025
-920.270901 -368.159158
-927.904488 -383.707620
-927.502241 -386.670842
-911.378144 -393.249129
-916.543660 -410.297022
-904.828202 -421.363719
-899.127109 -429.445355
-887.916972 -441.774660
-885.623672 -461.334146
-874.364011 -479.071631
-873.145906 -484.035418
-866.324380 -493.209114
-862.369758 -512.686958
-863.235833 -516.344658
-843.902828 -522.343716
-853.888796 -527.837795
-838.048805 -545.395973
-832.881956 -557.922900
-826.751478 -576.288001
-813.879276 -575.316840
-812.626775 -579.661677
-799.713655 -606.571749
-800.377789 -608.652631
-786.066430 -620.801160
-784.797756 -631.731966
-772.382018 -644.089052
-763.982073 -650.195052
-745.304290 -647.866203
-737.035526 -675.815560
-731.963762 -678.504809
-734.772291 -690.035833
-714.970700 -692.521239
-704.306530 -700.441839
-706.991453 -719.485766
-687.764087 -719.182456
-684.914921 -724.016022
-679.485793 -741.008583
-669.226111 -740.522226
-651.773258 -746.948833
-648.450646 -770.521337
-629.595684 -767.879984
-629.916722 -782.147896
-618.602906 -796.040551
-607.914091 -790.833905
-604.778111 -794.295388
-589.774137 -809.663780
-576.790057 -817.212953
-568.359782 -815.271515
-547.590990 -830.214036
-549.943631 -834.072995
-530.947384 -850.713029
-530.538747 -858.432448
-517.002974 -859.169249
-499.448758 -856.658017
-492.085688 -864.127727
-475.574842 -867.108731
-470.466767 -887.951222
-453.925775 -887.638589
-456.106652 -896.263582
-446.959205 -905.264370
-431.767053 -899.563967
-411.311948 -900.270722
-404.012422 -920.384049
-397.501611 -929.012159
-381.451917 -927.184499
-377.230439 -925.185825
-350.716844 -928.623094
-338.824405 -935.290499
-341.861347 -938.507261
-313.944298 -952.398206
-308.180251 -942.650690
-302.149366 -954.669604
-286.683968 -961.304101
-279.903646 -965.795446
-254.967175 -964.343691
-240.061062 -965.280539
-239.147007 -975.359328
-231.225219 -978.038935
-216.925178 -987.284041
-197.618780 -979.325558
-183.016263 -982.591930
-181.079802 -976.108793
-162.998999 -988.823685
-152.960173 -985.962488
-138.480925 -996.601622
-130.571162 -996.281499
-113.361244 -1002.756929
-93.447247 -996.446610
-96.275210 -987.324349
-76.145227 -997.584078
-57.262277 -995.474797
-53.098132 -998.805216
-43.897823 -996.734807
-17.721812 -991.614771
-12.031668 -1000.638520
3.655628 -1009.708025
8.416581 -991.477259
20.181265 -994.437335
33.681130 -991.943884
55.678241 -989.473462
66.085504 -1001.078746
65.905041 -991.355230
82.048399 -987.225660
92.296533 -987.289696
114.974655 -997.721464
125.620013 -1001.105734
128.772341 -982.781219
159.115297 -982.227006
152.736414 -995.288630
177.067710 -979.474048
189.218290 -983.393619
204.382060 -974.968898
206.728794 -977.269965
219.454810 -969.457452
243.549281 -968.033647
248.062046 -963.602458
256.378305 -969.220060
276.046795 -961.979954
288.466738 -961.401271
304.356756 -960.457043
299.449350 -946.209241
314.680866 -949.863808
339.748009 -935.240689
346.131442 -938.188247
357.724218 -943.976491
368.650420 -925.765459
375.031235 -925.644929
397.836160 -915.565640
395.907219 -922.084305
407.122020 -913.704280
426.051627 -900.861410
431.302072 -908.391038
442.750877 -892.331551
453.308534 -897.863840
464.149375 -884.741694
472.258743 -874.589713
501.131407 -878.526423
493.788455 -859.893016
517.836547 -852.484458
520.494387 -845.596939
532.158533 -840.810612
551.819831 -843.223762
554.565023 -831.309528
571.957217 -825.789500
578.081749 -816.954212
583.455191 -805.348011
597.884849 -802.425122
610.024031 -789.992748
624.215733 -792.125103
624.632963 -783.517519
632.844582 -780.016823
639.765345 -756.811736
660.120156 -760.309774
659.942672 -749.742635
676.919605 -739.774067
675.641179 -732.819741
689.852258 -713.897277
693.903641 -712.555016
708.424539 -710.550442
711.797972 -701.916287
720.459884 -684.725454
737.077811 -679.636191
736.284802 -664.484471
746.308553 -665.996919
758.080307 -641.414046
771.475071 -632.948292
771.959843 -624.346907
779.860320 -623.190587
795.881242 -604.693657
804.721325 -590.670797
810.022971 -583.802284
821.232804 -573.358009
817.977708 -557.699417
826.656631 -547.473877
841.940742 -538.837502
837.562126 -538.931506
852.791078 -526.065645
848.905343 -520.400890
862.206979 -503.416469
867.648890 -491.119764
877.733784 -482.026638
890.581516 -464.068936
889.209882 -468.491940
898.493751 -453.145812
890.849040 -433.149414
909.612496 -420.505410
913.142169 -422.123855
921.196012 -403.433594
924.948282 -393.348434
935.115067 -379.899258
939.600644 -371.859418
931.748361 -354.368582
931.169048 -346.630660
939.386854 -325.139433
952.429867 -315.606934
946.041922 -312.087005
963.956100 -287.289829
968.226849 -287.866705
970.046814 -271.659769
964.615117 -251.334185
976.652061 -257.660297
979.136404 -241.979439
982.554890 -224.194663
984.607009 -217.936346
977.157440 -196.005053
983.311343 -195.336975
985.397862 -176.315613
980.334236 -155.027480
982.651492 -154.131268
985.443697 -133.918947
992.903847 -135.153328
999.497456 -115.450520
1002.643810 -96.795957
1004.911325 -84.737504
992.397523 -69.910357
1005.338908 -71.653664
989.563105 -45.917687
997.251581 -41.585996
1005.555077 -16.189646
1007.960678 -5.373061
