#type rows columns
lm 70 2
-4.396328 48.217625
23.022297 -138.453093
72.474103 84.263234
70.008809 140.213923
-19.225106 147.158800
132.620899 -85.223155
134.686458 80.106527
32.230505 -24.208253
47.430129 135.554356
-44.641489 82.659624
71.822592 -144.995887
-16.296053 137.786617
54.512484 -64.459961
93.256135 20.433986
-74.142098 -67.808898
9.217074 -103.442382
130.456402 -69.356451
-28.574306 -31.228962
23.633517 -139.718732
64.442115 143.835024
-55.638045 -22.299458
-147.295467 -22.520645
-54.693095 70.038095
-46.810894 -110.994744
90.023219 -1.041386
93.971537 27.500003
-124.146118 -81.714547
89.533276 -108.843773
-101.821574 -93.319961
71.379242 136.985115
-21.227389 48.047258
-59.090532 -126.549460
-41.434570 58.586820
37.680017 60.069569
-57.017631 -16.096249
84.263389 28.607620
-17.949249 -38.418190
133.232079 -55.577523
-57.423560 -106.706643
83.832950 9.640962
124.431070 -89.628047
128.265941 67.464677
58.392726 89.403375
38.438975 9.133637
-85.200598 -85.397908
15.631451 65.017763
-148.518203 -8.620701
-143.884094 38.502777
-107.210166 91.915986
-53.876785 -29.537938
121.425011 -53.581696
34.246676 -36.358180
-67.359604 -113.768760
79.363165 8.893913
-149.608655 0.626209
-147.900607 -4.388259
-24.335247 -21.900523
28.143784 -141.214160
-140.380126 80.799155
102.410594 -99.204525
-92.651836 -87.537446
37.621255 -9.343530
96.951684 -22.287112
143.939316 -45.014002
45.966224 14.023682
-64.765710 -111.870261
-140.958046 -63.162848
35.662395 -0.235474
-147.857408 -49.178654
-122.564468 75.499176

wp 25 2
67.418423 -25.886000
83.114910 59.066658
119.942578 42.164385
56.201615 41.969170
26.729407 120.877469
38.033583 109.396686
16.069161 98.075182
7.087031 108.808907
-15.149448 83.608227
-95.404532 61.114519
-63.120336 30.256747
-68.238933 16.381567
-100.875409 7.499411
-129.339278 17.673060
-122.011725 -37.102742
-102.271153 -45.305308
-44.646893 -81.075525
-49.452922 -63.049652
3.770222 -75.757184
-18.747752 -122.182443
46.821171 -119.790040
28.690540 -69.381181
96.202425 -73.188452
90.421792 -71.800572
128.755524 -12.372890
