#type rows columns
lm 69 2
71.633331 116.616376
102.608851 -104.189015
53.240012 145.392821
136.204123 2.961494
-26.675288 -126.414044
38.739024 40.496360
-145.539289 35.071013
-17.139732 42.806865
-11.198729 -40.253190
-72.256366 -113.733114
-49.249007 53.355899
-37.466336 -84.319129
-69.591153 97.389971
-144.609348 -91.277037
-145.274308 50.890478
113.370491 -34.716972
-20.458180 -2.629218
39.402875 82.248518
85.396404 -128.449528
127.312681 -31.880366
-108.853405 -48.077395
93.790916 -130.973149
5.467122 -45.684274
-44.098245 141.645252
107.843143 100.815728
103.116309 -85.530145
24.840466 -145.365703
-92.266057 106.128507
2.216335 123.255338
-142.727448 -49.882424
114.405844 -4.433332
-47.638062 54.933554
140.792490 37.890502
-32.607912 134.483613
15.994074 137.011082
89.388661 -85.594447
-144.611328 -18.674568
63.435575 61.293689
-114.887904 103.943081
-131.992903 -114.098653
48.473130 26.384738
-46.782669 36.663283
41.140699 -57.021573
73.946451 124.951233
-69.291861 -119.685968
-19.806066 -65.668634
-110.560564 80.383167
-47.714627 -96.934671
-78.755516 100.091676
-42.564496 141.753101
-52.974305 68.150520
39.068930 -56.819831
144.839294 46.139731
113.048867 2.330597
27.210432 -52.493436
-99.578969 108.867863
46.046956 15.439667
-24.355472 -57.003065
-140.743104 -36.543213
-94.025885 -76.270482
-49.951892 138.445877
-56.460656 92.097976
-36.712460 -102.006508
29.668847 -36.378473
6.698235 -141.005531
-15.726080 -85.788497
77.145229 137.577901
-41.936123 -95.432833
16.982004 89.536977

wp 25 2
79.166959 -1.366658
105.962199 28.159022
94.788545 70.277229
83.917773 46.777755
73.943440 85.497270
43.575929 115.774678
-30.597010 88.782227
-16.112347 100.693820
-16.353021 104.825596
-95.561408 55.349432
-80.318926 67.963750
-66.057922 0.940929
-123.486234 12.577954
-100.675569 -8.523050
-122.342381 -72.197644
-66.727259 -32.183211
-79.952060 -54.605530
-67.712209 -72.098881
11.653058 -78.936988
17.940482 -109.526360
50.460729 -120.321571
63.171597 -95.652329
82.918519 -59.175614
86.555510 -18.817553
71.841606 -54.214274
