#type rows columns
lm 69 2
67.778297 -18.974422
60.398418 21.676424
-124.925366 -45.204137
3.799660 -104.597832
-35.101253 56.520449
-60.594883 41.871065
127.364492 38.086614
-125.624167 -95.822588
-111.520483 -100.930153
-55.613776 91.596146
-35.387725 9.233442
87.461779 -81.806901
-24.923398 47.434854
42.866942 40.194764
35.181242 -95.331595
52.557344 -100.094248
30.307045 -105.117873
-46.107149 -89.175781
82.518360 -60.721297
103.868509 -93.296833
-38.943945 48.215867
21.164466 -96.330232
13.893894 -128.614535
40.972972 -3.262344
75.533807 103.605169
107.489218 -99.350471
21.179911 -99.154671
4.103718 -35.229162
36.950674 133.299385
9.899860 42.278737
52.599099 -85.617088
73.367314 87.312097
-104.439390 85.732886
149.931937 -72.179652
-130.878391 -86.093470
-28.698554 -30.792870
-29.912135 -6.267065
-22.706768 31.343537
34.063765 133.472594
-93.483138 -134.099984
124.240550 65.940466
25.627788 -85.005787
-114.307385 93.306065
-124.528575 -41.721594
-75.360331 -129.615809
76.245776 -9.192206
14.185990 -104.970983
16.045026 147.392076
39.171838 -21.881296
21.250990 61.632357
-49.374024 -148.491335
30.462778 -147.511303
66.078708 97.388503
-86.172297 149.141069
-125.512987 -81.704078
-67.656178 125.862662
17.807120 -118.403945
82.195776 91.653047
47.318781 -9.072367
83.143932 -93.519715
-5.719978 42.701747
68.754067 20.061274
131.267772 -37.077136
120.920625 87.647052
-84.542207 -106.366956
-10.378975 -94.016393
-143.421053 -4.430863
-96.237150 -107.682909
-60.568542 141.417123

wp 25 2
126.559769 4.414901
101.271119 8.625258
99.015539 17.149534
87.189305 50.954209
42.775034 75.873918
10.742160 105.610724
-28.912571 134.992759
-23.454335 78.892910
-35.187671 109.641801
-81.979308 105.257512
-82.416241 57.997835
-113.545789 14.099622
-116.150703 35.460998
-91.443089 -13.014561
-68.344922 -62.509108
-58.389052 -31.314862
-86.813149 -66.425058
-52.406160 -117.509791
5.648875 -68.474743
-13.528792 -131.188331
60.813007 -126.159953
59.158889 -49.069820
46.706261 -54.258779
107.699795 -55.643904
104.992028 -23.403071
